9384 46875
15291 109375
14747 93750
18302 140625
11676 62500
12542 62500
18678 140625
7897 31250
14916 109375
9296 46875
11424 46875
3761 0
10891 46875
6684 15625
19094 187500
8445 31250
18266 140625
8599 46875
11450 46875
11912 62500
11057 46875
11171 62500
9903 46875
4874 0
12062 62500
1558 0
518 0
2132 0
12856 62500
10534 46875
5897 15625
11179 62500
15304 93750
359 0
13065 78125
9157 46875
14200 78125
1321 15625
637 0
17307 125000
2446 0
16167 125000
13573 93750
8250 31250
14291 109375
4390 0
14791 93750
10568 62500
9693 31250
203 0
13914 93750
10499 31250
2079 0
16681 125000
7399 15625
14880 93750
1179 0
13578 62500
1136 0
10906 46875
1107 0
13475 78125
13516 62500
1097 0
8514 31250
9176 31250
9040 31250
16779 109375
1790 0
12513 78125
10069 46875
5407 31250
1873 0
13175 62500
15508 93750
674 0
15731 93750
10065 46875
4420 0
10116 46875
19005 140625
6136 15625
16498 125000
10278 46875
16692 109375
6223 15625
17520 125000
5618 15625
7330 15625
8012 31250
5336 15625
3804 0
13199 78125
738 0
17601 109375
19202 140625
14415 93750
622 0
19573 187500
1241 0
11467 46875
18787 156250
8290 31250
11376 62500
18824 140625
17690 125000
16662 109375
14341 93750
5573 15625
3057 0
5862 15625
17464 125000
8696 31250
1524 0
13280 62500
10858 46875
3551 0
12865 62500
9330 31250
13434 78125
7001 31250
7011 31250
19394 156250
13647 62500
3403 15625
5882 15625
15347 93750
4792 15625
18141 140625
6142 15625
13475 78125
7485 15625
13876 62500
16332 109375
615 0
6138 15625
16247 109375
11629 62500
4276 0
17661 125000
4197 15625
2606 0
409 0
19411 156250
13589 78125
5618 15625
12484 62500
7068 15625
5702 15625
484 0
3519 0
10752 46875
8746 31250
10105 46875
2397 0
1121 0
14754 93750
3416 0
17639 125000
12258 62500
3758 0
1592 0
2939 0
17853 140625
1852 15625
16015 125000
19998 156250
10209 46875
13140 62500
14727 93750
14619 109375
19876 171875
1097 0
16579 125000
12841 78125
6547 15625
19483 156250
1065 0
5994 15625
10618 46875
14584 78125
5074 15625
12843 62500
7156 31250
388 0
9054 46875
7707 31250
6470 15625
11584 62500
17183 125000
16308 109375
19363 156250
18053 140625
15969 109375
16415 125000
18847 140625
15709 140625
3718 0
5644 15625
10604 46875
12951 62500
17373 125000
14633 93750
8009 31250
1744 0
14505 109375
13446 78125
7985 15625
3673 15625
10016 46875
1591 0
19700 156250
9908 46875
2355 0
19449 156250
3294 0
11513 62500
15655 109375
642 0
15095 93750
8877 46875
18091 140625
216 0
19988 171875
11765 62500
11092 46875
3048 0
13271 78125
2803 0
8385 31250
8150 31250
12004 62500
11494 62500
12940 78125
16096 109375
6105 31250
77 0
584 0
9766 46875
14470 78125
19725 156250
17868 125000
9160 46875
3449 0
7637 31250
13116 93750
6177 15625
7055 31250
17388 140625
16523 125000
16645 109375
3563 15625
322 0
3086 15625
6783 31250
1904 0
8896 31250
5438 15625
389 0
13284 78125
10084 46875
2396 0
14194 78125
7759 31250
11140 62500
13449 78125
6379 15625
8656 31250
8829 46875
18948 156250
11246 46875
19678 171875
12394 62500
567 0
5831 15625
2743 15625
4629 15625
5887 15625
19731 156250
17299 125000
2711 0
58 0
17586 140625
19393 171875
3381 15625
1056 0
6083 15625
1877 0
18141 125000
9345 31250
14746 109375
17886 125000
5462 31250
13887 78125
19136 171875
7619 31250
2888 15625
14479 78125
2585 0
18754 140625
9094 15625
7983 31250
18066 140625
477 0
1204 0
9017 31250
2926 15625
3337 0
12736 78125
15516 109375
6122 15625
7570 31250
13157 78125
18139 140625
9937 46875
18830 156250
8411 31250
4480 0
14942 93750
15151 109375
5353 15625
5361 15625
16886 125000
3701 0
17385 125000
19503 156250
1409 0
16170 109375
7861 31250
7342 15625
12222 78125
16216 109375
557 0
9877 31250
12847 62500
15317 109375
3224 0
8863 31250
6444 15625
8424 31250
3476 0
12437 62500
19054 171875
4929 15625
4202 15625
19339 156250
10717 46875
10854 62500
17167 140625
7549 31250
17294 109375
11876 62500
12018 62500
4734 0
2051 0
19095 156250
18093 125000
9617 46875
19621 156250
17056 125000
18709 156250
12072 78125
12954 78125
6098 15625
6602 15625
13030 93750
15792 109375
18832 171875
7776 15625
16223 109375
5532 15625
8716 31250
7192 31250
11625 62500
12965 62500
8197 31250
1764 0
11477 62500
19395 171875
14270 93750
2892 15625
5365 15625
86 0
6841 15625
9440 46875
7400 31250
3433 0
10178 46875
8767 31250
18254 140625
14972 109375
8157 31250
14428 93750
12029 46875
10356 46875
12707 78125
10931 46875
15658 109375
19724 156250
16096 109375
10729 46875
17550 125000
5895 15625
19417 156250
5833 15625
10479 46875
10966 62500
406 0
13594 78125
17138 125000
18706 140625
14811 109375
6587 31250
4433 15625
1216 0
13534 62500
7267 15625
9558 31250
2563 0
16077 109375
14096 93750
5091 15625
5112 15625
3297 0
5357 15625
9311 31250
14100 93750
5526 15625
9097 31250
8074 31250
14060 109375
5344 15625
8345 31250
1844 0
12091 62500
8703 31250
10640 62500
4194 0
2476 0
15995 109375
4835 15625
5481 15625
94 0
3307 0
9955 31250
6054 15625
10125 46875
814 0
4078 15625
18627 140625
3403 0
853 15625
11554 62500
16838 125000
6059 15625
5232 15625
9323 46875
17602 109375
6985 31250
16675 125000
17277 125000
6984 31250
13176 78125
11856 62500
12250 62500
6476 15625
5875 15625
13072 62500
17878 140625
14419 93750
2828 0
15576 109375
14673 93750
12002 78125
2415 0
4406 15625
10478 46875
17718 125000
16059 109375
4515 0
11169 46875
7187 31250
17270 156250
6279 15625
10364 46875
4106 15625
7960 31250
1508 0
9273 46875
9030 31250
19025 156250
5179 31250
3685 15625
1875 0
4825 0
12169 62500
16421 125000
309 0
19203 140625
10399 46875
2341 0
7407 31250
718 0
7678 31250
3131 0
3756 0
17715 171875
18923 203125
1993 0
7381 46875
14209 78125
11921 78125
16672 109375
10365 62500
6372 31250
4334 15625
1387 0
7720 31250
11917 62500
14104 93750
3055 0
3657 0
2456 0
10257 62500
17751 156250
7219 31250
15816 140625
19852 187500
10599 46875
1506 0
12581 78125
11233 62500
17364 171875
13843 78125
4818 15625
9487 62500
19661 156250
19815 171875
6285 15625
15884 156250
8838 46875
19127 187500
13531 78125
7210 31250
1578 0
1298 0
10818 93750
13785 93750
2872 0
7171 31250
16874 140625
2786 0
17648 140625
14727 93750
1757 0
18022 140625
13828 78125
19975 156250
11937 62500
4478 0
97 0
17137 140625
5625 15625
19168 140625
16673 125000
5599 15625
5111 15625
16717 125000
12187 62500
17029 125000
7252 31250
11541 62500
6944 15625
14694 93750
7546 31250
10814 46875
7413 31250
10892 62500
18184 140625
13220 78125
16193 109375
19494 140625
10371 46875
2603 0
6321 15625
11619 62500
5532 15625
10117 46875
10113 46875
1251 15625
15305 125000
15348 109375
16451 109375
17638 140625
8828 46875
17532 140625
6402 31250
13962 93750
4962 15625
3043 0
9461 46875
10169 46875
14312 93750
12892 62500
19149 156250
15522 109375
10266 46875
18081 140625
14473 93750
10957 62500
4076 15625
9595 46875
11346 62500
7884 31250
17149 125000
11284 46875
12746 78125
16577 109375
12875 78125
15318 109375
17608 125000
14660 93750
15680 109375
12550 78125
12964 78125
16051 109375
10914 46875
16165 125000
3730 15625
10608 46875
7246 15625
5283 15625
7863 31250
19010 156250
19985 156250
2820 0
1671 0
6749 31250
17600 125000
19355 171875
10990 46875
6602 15625
11720 62500
15577 109375
6702 15625
11698 62500
7093 31250
5627 15625
11676 62500
8968 31250
12872 78125
15810 109375
1168 0
11968 62500
6246 15625
3959 0
6969 15625
17078 109375
16999 125000
8924 31250
1349 0
2368 0
18122 140625
6005 15625
2321 15625
15562 109375
5349 15625
11898 62500
13118 78125
9980 46875
153 0
12315 62500
11371 46875
5205 0
16148 109375
8744 31250
9585 31250
8720 31250
10325 46875
892 0
4850 15625
16607 109375
2935 0
16284 109375
8277 31250
10539 46875
9043 31250
5325 15625
5183 0
17988 140625
16508 109375
6389 15625
18958 171875
2405 15625
9782 46875
10861 62500
11884 62500
19138 140625
12905 78125
7204 31250
1224 0
438 0
10071 46875
1748 0
1783 0
10465 62500
6447 15625
1760 0
8665 31250
4803 15625
17106 125000
2023 0
12046 78125
2403 0
1183 0
10749 46875
11110 62500
14355 93750
17564 125000
1552 0
8443 31250
18251 140625
19807 156250
16628 109375
19341 156250
15025 93750
17527 140625
18332 156250
10787 62500
4321 15625
11448 46875
12709 62500
1538 0
8700 31250
14374 93750
11101 46875
16140 125000
7036 15625
18451 140625
2882 0
332 0
14053 78125
18416 140625
13762 78125
10364 46875
19747 156250
5288 0
14526 78125
11725 62500
19875 156250
11604 62500
3263 0
19489 171875
15306 93750
558 0
2447 0
8134 31250
9857 46875
11296 46875
19540 171875
14218 93750
13464 62500
2875 15625
2536 0
3584 0
4302 15625
2582 15625
11088 62500
3846 15625
10071 46875
524 0
18898 140625
5780 0
994 0
5319 15625
19498 156250
11800 62500
13598 93750
718 0
1899 0
13172 62500
3486 15625
19284 140625
16077 109375
18765 140625
1007 0
4149 15625
10317 62500
3274 0
3743 0
4508 15625
3409 0
19221 140625
981 0
11362 62500
18852 156250
19751 156250
10808 62500
10268 62500
17114 125000
1546 0
14499 78125
3054 0
8312 31250
13331 78125
10300 46875
19998 171875
11431 62500
18900 156250
2006 0
10528 46875
15899 93750
19908 171875
1102 15625
5680 0
16026 109375
11978 62500
16838 109375
13478 78125
4177 0
10687 62500
14212 93750
6589 31250
14247 93750
6979 15625
19924 171875
5256 15625
4117 15625
8284 15625
5325 15625
3398 15625
9673 46875
9836 46875
19348 156250
11155 46875
12718 78125
14331 93750
15054 109375
13253 78125
1123 0
12392 62500
1680 0
15419 93750
12124 62500
9998 46875
8725 31250
7172 15625
14656 93750
15908 109375
16780 109375
5861 15625
11414 46875
18221 140625
12375 62500
17293 125000
3330 15625
6491 15625
5530 0
10222 46875
2045 0
13770 78125
19986 156250
15553 109375
4229 0
12037 62500
17247 109375
6021 15625
2817 0
18700 140625
8215 31250
3383 0
3388 0
5026 15625
15997 93750
2269 0
18457 140625
10160 46875
15168 93750
9711 46875
7282 31250
13855 78125
12206 62500
12530 78125
6425 15625
8574 31250
14228 78125
9106 31250
281 0
1528 15625
3345 0
12678 62500
15567 109375
3055 0
16310 125000
17059 125000
691 0
16941 156250
17549 125000
7802 31250
2221 0
14083 93750
8675 31250
13123 78125
8488 15625
848 0
11432 46875
10473 46875
14444 125000
29 0
12222 78125
13590 78125
19415 156250
1366 0
10910 46875
16874 109375
4017 15625
7643 31250
5527 15625
7258 31250
15663 93750
10310 46875
7869 31250
16615 140625
1141 0
1134 15625
10457 46875
13847 78125
18330 140625
8673 31250
10614 46875
12885 93750
8075 15625
19073 156250
1999 0
4601 15625
10694 46875
19010 156250
9613 46875
14516 93750
1682 0
2979 0
19979 156250
2792 0
2190 0
7524 15625
19949 171875
12205 62500
15396 93750
4977 15625
18266 140625
2733 0
10160 46875
5432 15625
7408 31250
1355 0
19961 171875
1447 0
11439 62500
11467 46875
5095 0
2679 15625
10489 46875
7732 31250
7799 31250
2160 0
11583 62500
9827 46875
9644 46875
16435 109375
16907 125000
16226 109375
4602 15625
9435 46875
5913 0
1402 15625
19516 156250
15432 109375
18315 156250
10613 46875
13688 78125
8689 31250
7102 31250
7793 31250
1057 0
1133 0
18579 140625
5320 15625
10215 46875
11328 62500
11442 46875
16455 125000
2612 0
1034 0
12313 62500
16522 109375
16141 109375
11594 46875
15504 109375
1583 0
791 0
