9384 187500
15291 484375
14747 453125
18302 718750
11676 328125
12542 312500
18678 703125
7897 125000
14916 453125
9296 171875
11424 265625
3761 31250
10891 234375
6684 93750
19094 750000
8445 156250
18266 843750
8599 171875
11450 265625
11912 296875
11057 250000
11171 265625
9903 218750
4874 46875
12062 296875
1558 0
518 15625
2132 0
12856 328125
10534 234375
5897 62500
11179 250000
15304 468750
359 0
13065 343750
9157 171875
14200 468750
1321 0
637 0
17307 625000
2446 15625
16167 640625
13573 375000
8250 187500
14291 468750
4390 62500
14791 453125
10568 218750
9693 187500
203 0
13914 390625
10499 218750
2079 15625
16681 546875
7399 109375
14880 437500
1179 15625
13578 375000
1136 0
10906 250000
1107 0
13475 359375
13516 359375
1097 0
8514 171875
9176 171875
9040 156250
16779 562500
1790 0
12513 328125
10069 187500
5407 62500
1873 0
13175 343750
15508 484375
674 0
15731 500000
10065 203125
4420 46875
10116 203125
19005 734375
6136 93750
16498 562500
10278 203125
16692 562500
6223 78125
17520 609375
5618 62500
7330 109375
8012 187500
5336 62500
3804 31250
13199 359375
738 0
17601 609375
19202 750000
14415 421875
622 15625
19573 796875
1241 0
11467 265625
18787 718750
8290 140625
11376 265625
18824 718750
17690 625000
16662 546875
14341 421875
5573 62500
3057 15625
5862 62500
17464 593750
8696 140625
1524 15625
13280 359375
10858 234375
3551 31250
12865 312500
9330 171875
13434 375000
7001 109375
7011 109375
19394 750000
13647 375000
3403 31250
5882 62500
15347 453125
4792 46875
18141 671875
6142 78125
13475 375000
7485 125000
13876 375000
16332 531250
615 0
6138 62500
16247 562500
11629 281250
4276 31250
17661 640625
4197 46875
2606 15625
409 0
19411 765625
13589 375000
5618 78125
12484 328125
7068 93750
5702 62500
484 0
3519 31250
10752 234375
8746 156250
10105 218750
2397 0
1121 0
14754 437500
3416 31250
17639 640625
12258 296875
3758 46875
1592 0
2939 15625
17853 640625
1852 15625
16015 578125
19998 843750
10209 218750
13140 359375
14727 437500
14619 437500
19876 796875
1097 0
16579 562500
12841 343750
6547 93750
19483 781250
1065 0
5994 62500
10618 234375
14584 421875
5074 46875
12843 328125
7156 109375
388 0
9054 156250
7707 125000
6470 93750
11584 296875
17183 593750
16308 546875
19363 765625
18053 640625
15969 500000
16415 562500
18847 718750
15709 500000
3718 31250
5644 78125
10604 234375
12951 359375
17373 609375
14633 437500
8009 140625
1744 15625
14505 437500
13446 375000
7985 125000
3673 31250
10016 203125
1591 15625
19700 812500
9908 203125
2355 15625
19449 828125
3294 15625
11513 265625
15655 500000
642 0
15095 562500
8877 171875
18091 703125
216 0
19988 828125
11765 281250
11092 250000
3048 15625
13271 375000
2803 15625
8385 140625
8150 140625
12004 296875
11494 296875
12940 359375
16096 515625
6105 78125
77 0
584 0
9766 187500
14470 421875
19725 812500
17868 671875
9160 171875
3449 31250
7637 125000
13116 343750
6177 78125
7055 109375
17388 625000
16523 546875
16645 562500
3563 31250
322 0
3086 15625
6783 93750
1904 0
8896 171875
5438 78125
389 0
13284 375000
10084 218750
2396 15625
14194 406250
7759 125000
11140 265625
13449 375000
6379 78125
8656 171875
8829 156250
18948 718750
11246 265625
19678 796875
12394 312500
567 0
5831 78125
2743 15625
4629 46875
5887 78125
19731 781250
17299 593750
2711 15625
58 0
17586 640625
19393 765625
3381 31250
1056 0
6083 78125
1877 0
18141 687500
9345 187500
14746 453125
17886 640625
5462 62500
13887 406250
19136 765625
7619 140625
2888 15625
14479 437500
2585 15625
18754 703125
9094 171875
7983 140625
18066 656250
477 0
1204 0
9017 171875
2926 15625
3337 31250
12736 343750
15516 500000
6122 78125
7570 125000
13157 390625
18139 671875
9937 203125
18830 718750
8411 156250
4480 46875
14942 468750
15151 468750
5353 62500
5361 62500
16886 562500
3701 31250
17385 609375
19503 796875
1409 15625
16170 531250
7861 125000
7342 109375
12222 312500
16216 531250
557 0
9877 218750
12847 359375
15317 468750
3224 31250
8863 187500
6444 93750
8424 140625
3476 31250
12437 328125
19054 750000
4929 46875
4202 46875
19339 750000
10717 234375
10854 250000
17167 625000
7549 125000
17294 609375
11876 312500
12018 296875
4734 46875
2051 0
19095 765625
18093 671875
9617 187500
19621 796875
17056 593750
18709 718750
12072 328125
12954 343750
6098 93750
6602 93750
13030 359375
15792 500000
18832 734375
7776 125000
16223 609375
5532 78125
8716 171875
7192 109375
11625 265625
12965 375000
8197 156250
1764 0
11477 265625
19395 750000
14270 437500
2892 15625
5365 62500
86 0
6841 93750
9440 187500
7400 109375
3433 31250
10178 218750
8767 156250
18254 671875
14972 468750
8157 140625
14428 421875
12029 328125
10356 218750
12707 328125
10931 265625
15658 500000
19724 812500
16096 546875
10729 234375
17550 625000
5895 62500
19417 796875
5833 78125
10479 250000
10966 234375
406 0
13594 375000
17138 593750
18706 703125
14811 437500
6587 93750
4433 46875
1216 15625
13534 406250
7267 109375
9558 203125
2563 15625
16077 546875
14096 406250
5091 62500
5112 62500
3297 31250
5357 93750
9311 187500
14100 406250
5526 62500
9097 171875
8074 140625
14060 390625
5344 78125
8345 156250
1844 15625
12091 328125
8703 156250
10640 265625
4194 46875
2476 15625
15995 531250
4835 46875
5481 62500
94 0
3307 31250
9955 218750
6054 93750
10125 234375
814 0
4078 46875
18627 703125
3403 31250
853 0
11554 281250
16838 578125
6059 93750
5232 62500
9323 187500
17602 656250
6985 109375
16675 562500
17277 593750
6984 93750
13176 375000
11856 296875
12250 328125
6476 78125
5875 78125
13072 343750
17878 640625
14419 421875
2828 15625
15576 500000
14673 453125
12002 296875
2415 15625
4406 46875
10478 234375
17718 656250
16059 531250
4515 46875
11169 265625
7187 109375
17270 609375
6279 109375
10364 265625
4106 31250
7960 125000
1508 0
9273 203125
9030 156250
19025 734375
5179 62500
3685 31250
1875 0
4825 46875
12169 296875
16421 562500
309 0
19203 750000
10399 265625
2341 15625
7407 125000
718 0
7678 156250
3131 31250
3756 46875
17715 718750
18923 812500
1993 0
7381 125000
14209 546875
11921 406250
16672 562500
10365 234375
6372 93750
4334 46875
1387 0
7720 125000
11917 312500
14104 406250
3055 15625
3657 31250
2456 15625
10257 218750
17751 718750
7219 125000
15816 531250
19852 843750
10599 234375
1506 0
12581 375000
11233 375000
17364 625000
13843 406250
4818 46875
9487 187500
19661 1000000
19815 1093750
6285 125000
15884 531250
8838 234375
19127 843750
13531 375000
7210 109375
1578 15625
1298 15625
10818 250000
13785 390625
2872 31250
7171 125000
16874 593750
2786 15625
17648 625000
14727 468750
1757 15625
18022 656250
13828 390625
19975 812500
11937 312500
4478 46875
97 0
17137 593750
5625 78125
19168 718750
16673 562500
5599 46875
5111 62500
16717 562500
12187 328125
17029 578125
7252 109375
11541 265625
6944 93750
14694 453125
7546 125000
10814 265625
7413 109375
10892 234375
18184 656250
13220 359375
16193 531250
19494 765625
10371 250000
2603 15625
6321 78125
11619 265625
5532 62500
10117 218750
10113 234375
1251 15625
15305 484375
15348 500000
16451 546875
17638 640625
8828 203125
17532 671875
6402 78125
13962 406250
4962 62500
3043 15625
9461 187500
10169 218750
14312 437500
12892 359375
19149 750000
15522 500000
10266 265625
18081 656250
14473 453125
10957 250000
4076 31250
9595 187500
11346 265625
7884 125000
17149 609375
11284 265625
12746 343750
16577 625000
12875 343750
15318 468750
17608 640625
14660 468750
15680 515625
12550 312500
12964 343750
16051 562500
10914 234375
16165 531250
3730 31250
10608 234375
7246 125000
5283 78125
7863 140625
19010 734375
19985 812500
2820 31250
1671 0
6749 109375
17600 625000
19355 781250
10990 250000
6602 93750
11720 281250
15577 484375
6702 93750
11698 312500
7093 109375
5627 62500
11676 281250
8968 203125
12872 343750
15810 515625
1168 15625
11968 296875
6246 78125
3959 46875
6969 109375
17078 625000
16999 578125
8924 171875
1349 0
2368 15625
18122 687500
6005 78125
2321 0
15562 500000
5349 62500
11898 281250
13118 406250
9980 203125
153 0
12315 312500
11371 265625
5205 62500
16148 546875
8744 156250
9585 203125
8720 156250
10325 234375
892 0
4850 62500
16607 562500
2935 15625
16284 531250
8277 140625
10539 234375
9043 171875
5325 62500
5183 78125
17988 656250
16508 546875
6389 78125
18958 781250
2405 15625
9782 218750
10861 250000
11884 312500
19138 750000
12905 359375
7204 125000
1224 0
438 0
10071 250000
1748 15625
1783 15625
10465 218750
6447 93750
1760 0
8665 156250
4803 62500
17106 609375
2023 15625
12046 296875
2403 0
1183 15625
10749 250000
11110 250000
14355 437500
17564 640625
1552 0
8443 156250
18251 671875
19807 796875
16628 578125
19341 750000
15025 468750
17527 640625
18332 687500
10787 250000
4321 46875
11448 265625
12709 328125
1538 0
8700 156250
14374 437500
11101 250000
16140 515625
7036 125000
18451 687500
2882 15625
332 0
14053 390625
18416 703125
13762 390625
10364 218750
19747 812500
5288 46875
14526 437500
11725 281250
19875 796875
11604 281250
3263 31250
19489 781250
15306 500000
558 0
2447 15625
8134 171875
9857 203125
11296 265625
19540 796875
14218 437500
13464 375000
2875 15625
2536 15625
3584 31250
4302 31250
2582 31250
11088 250000
3846 31250
10071 250000
524 0
18898 734375
5780 78125
994 15625
5319 62500
19498 781250
11800 296875
13598 500000
718 0
1899 0
13172 343750
3486 31250
19284 750000
16077 515625
18765 703125
1007 0
4149 46875
10317 218750
3274 31250
3743 15625
4508 46875
3409 15625
19221 750000
981 0
11362 265625
18852 750000
19751 796875
10808 281250
10268 218750
17114 578125
1546 0
14499 421875
3054 15625
8312 140625
13331 359375
10300 203125
19998 828125
11431 265625
18900 718750
2006 0
10528 234375
15899 515625
19908 796875
1102 0
5680 62500
16026 500000
11978 296875
16838 609375
13478 375000
4177 46875
10687 281250
14212 406250
6589 93750
14247 406250
6979 93750
19924 812500
5256 46875
4117 31250
8284 140625
5325 62500
3398 31250
9673 234375
9836 187500
19348 765625
11155 265625
12718 328125
14331 421875
15054 453125
13253 343750
1123 0
12392 312500
1680 15625
15419 468750
12124 281250
9998 218750
8725 156250
7172 109375
14656 453125
15908 531250
16780 578125
5861 78125
11414 281250
18221 687500
12375 312500
17293 625000
3330 31250
6491 78125
5530 62500
10222 218750
2045 0
13770 390625
19986 796875
15553 484375
4229 46875
12037 312500
17247 625000
6021 78125
2817 15625
18700 765625
8215 171875
3383 31250
3388 31250
5026 62500
15997 546875
2269 0
18457 703125
10160 203125
15168 453125
9711 187500
7282 109375
13855 390625
12206 343750
12530 328125
6425 93750
8574 140625
14228 421875
9106 171875
281 0
1528 15625
3345 31250
12678 328125
15567 500000
3055 15625
16310 546875
17059 578125
691 0
16941 609375
17549 609375
7802 125000
2221 15625
14083 421875
8675 156250
13123 359375
8488 171875
848 0
11432 265625
10473 218750
14444 453125
29 0
12222 312500
13590 359375
19415 765625
1366 15625
10910 234375
16874 562500
4017 31250
7643 125000
5527 78125
7258 109375
15663 515625
10310 218750
7869 125000
16615 562500
1141 0
1134 0
10457 234375
13847 390625
18330 671875
8673 156250
10614 218750
12885 328125
8075 125000
19073 750000
1999 0
4601 46875
10694 234375
19010 734375
9613 203125
14516 437500
1682 15625
2979 15625
19979 796875
2792 15625
2190 15625
7524 125000
19949 812500
12205 296875
15396 484375
4977 62500
18266 687500
2733 15625
10160 218750
5432 62500
7408 140625
1355 15625
19961 796875
1447 0
11439 265625
11467 265625
5095 62500
2679 0
10489 265625
7732 125000
7799 125000
2160 0
11583 328125
9827 250000
9644 203125
16435 546875
16907 609375
16226 531250
4602 46875
9435 187500
5913 78125
1402 0
19516 765625
15432 468750
18315 687500
10613 234375
13688 375000
8689 156250
7102 109375
7793 140625
1057 15625
1133 0
18579 703125
5320 62500
10215 234375
11328 265625
11442 265625
16455 546875
2612 15625
1034 0
12313 328125
16522 578125
16141 531250
11594 312500
15504 500000
1583 15625
791 0
