9384 125000
15291 296875
14747 281250
18302 421875
11676 203125
12542 203125
18678 468750
7897 78125
14916 281250
9296 109375
11424 156250
3761 15625
10891 171875
6684 62500
19094 468750
8445 93750
18266 421875
8599 125000
11450 187500
11912 187500
11057 203125
11171 171875
9903 125000
4874 31250
12062 203125
1558 0
518 0
2132 0
12856 203125
10534 140625
5897 46875
11179 156250
15304 328125
359 0
13065 218750
9157 109375
14200 234375
1321 0
637 0
17307 359375
2446 15625
16167 421875
13573 234375
8250 78125
14291 250000
4390 31250
14791 281250
10568 156250
9693 125000
203 0
13914 234375
10499 125000
2079 0
16681 328125
7399 78125
14880 265625
1179 0
13578 218750
1136 0
10906 140625
1107 0
13475 218750
13516 218750
1097 0
8514 93750
9176 93750
9040 109375
16779 328125
1790 15625
12513 187500
10069 109375
5407 31250
1873 0
13175 203125
15508 296875
674 0
15731 312500
10065 109375
4420 31250
10116 125000
19005 437500
6136 46875
16498 328125
10278 125000
16692 343750
6223 46875
17520 375000
5618 31250
7330 62500
8012 93750
5336 31250
3804 15625
13199 203125
738 0
17601 390625
19202 453125
14415 250000
622 0
19573 468750
1241 0
11467 156250
18787 437500
8290 78125
11376 171875
18824 421875
17690 375000
16662 328125
14341 250000
5573 31250
3057 15625
5862 46875
17464 390625
8696 109375
1524 0
13280 218750
10858 140625
3551 15625
12865 218750
9330 109375
13434 218750
7001 78125
7011 62500
19394 468750
13647 234375
3403 15625
5882 46875
15347 281250
4792 15625
18141 390625
6142 46875
13475 218750
7485 62500
13876 218750
16332 359375
615 0
6138 46875
16247 312500
11629 187500
4276 31250
17661 390625
4197 31250
2606 0
409 0
19411 437500
13589 218750
5618 46875
12484 203125
7068 62500
5702 46875
484 0
3519 15625
10752 156250
8746 93750
10105 140625
2397 15625
1121 0
14754 296875
3416 15625
17639 406250
12258 187500
3758 31250
1592 0
2939 15625
17853 406250
1852 0
16015 328125
19998 500000
10209 125000
13140 234375
14727 265625
14619 265625
19876 453125
1097 0
16579 328125
12841 203125
6547 62500
19483 468750
1065 0
5994 62500
10618 156250
14584 250000
5074 31250
12843 203125
7156 62500
388 0
9054 109375
7707 78125
6470 62500
11584 187500
17183 359375
16308 328125
19363 453125
18053 406250
15969 312500
16415 328125
18847 437500
15709 296875
3718 15625
5644 31250
10604 140625
12951 218750
17373 375000
14633 281250
8009 93750
1744 0
14505 265625
13446 234375
7985 78125
3673 15625
10016 140625
1591 15625
19700 484375
9908 125000
2355 15625
19449 468750
3294 15625
11513 171875
15655 296875
642 0
15095 328125
8877 125000
18091 437500
216 0
19988 500000
11765 187500
11092 187500
3048 15625
13271 218750
2803 15625
8385 93750
8150 109375
12004 187500
11494 171875
12940 203125
16096 328125
6105 62500
77 0
584 0
9766 125000
14470 250000
19725 484375
17868 390625
9160 93750
3449 15625
7637 78125
13116 218750
6177 46875
7055 62500
17388 375000
16523 343750
16645 343750
3563 15625
322 0
3086 15625
6783 62500
1904 15625
8896 109375
5438 46875
389 0
13284 203125
10084 125000
2396 15625
14194 265625
7759 78125
11140 171875
13449 218750
6379 62500
8656 93750
8829 93750
18948 437500
11246 156250
19678 468750
12394 171875
567 0
5831 46875
2743 0
4629 31250
5887 46875
19731 468750
17299 359375
2711 15625
58 0
17586 390625
19393 468750
3381 15625
1056 0
6083 46875
1877 0
18141 406250
9345 109375
14746 312500
17886 421875
5462 46875
13887 234375
19136 437500
7619 62500
2888 15625
14479 375000
2585 15625
18754 453125
9094 109375
7983 93750
18066 406250
477 0
1204 0
9017 109375
2926 0
3337 15625
12736 203125
15516 312500
6122 46875
7570 78125
13157 218750
18139 406250
9937 125000
18830 421875
8411 93750
4480 31250
14942 296875
15151 281250
5353 31250
5361 46875
16886 359375
3701 15625
17385 390625
19503 453125
1409 0
16170 312500
7861 78125
7342 78125
12222 187500
16216 343750
557 0
9877 140625
12847 203125
15317 296875
3224 15625
8863 109375
6444 46875
8424 93750
3476 15625
12437 187500
19054 437500
4929 31250
4202 31250
19339 468750
10717 140625
10854 140625
17167 359375
7549 62500
17294 375000
11876 171875
12018 203125
4734 31250
2051 0
19095 468750
18093 421875
9617 125000
19621 468750
17056 343750
18709 421875
12072 187500
12954 203125
6098 46875
6602 62500
13030 203125
15792 312500
18832 437500
7776 78125
16223 328125
5532 46875
8716 125000
7192 62500
11625 156250
12965 218750
8197 109375
1764 15625
11477 156250
19395 453125
14270 234375
2892 0
5365 46875
86 0
6841 62500
9440 125000
7400 62500
3433 15625
10178 140625
8767 93750
18254 406250
14972 968750
8157 93750
14428 265625
12029 171875
10356 140625
12707 203125
10931 156250
15658 312500
19724 484375
16096 328125
10729 125000
17550 390625
5895 46875
19417 484375
5833 46875
10479 140625
10966 171875
406 0
13594 234375
17138 359375
18706 453125
14811 265625
6587 62500
4433 31250
1216 15625
13534 218750
7267 62500
9558 109375
2563 0
16077 312500
14096 250000
5091 31250
5112 31250
3297 15625
5357 31250
9311 125000
14100 250000
5526 46875
9097 125000
8074 78125
14060 234375
5344 46875
8345 78125
1844 15625
12091 203125
8703 93750
10640 125000
4194 15625
2476 0
15995 343750
4835 31250
5481 46875
94 0
3307 15625
9955 125000
6054 46875
10125 140625
814 0
4078 31250
18627 421875
3403 15625
853 0
11554 171875
16838 359375
6059 62500
5232 31250
9323 125000
17602 390625
6985 62500
16675 375000
17277 375000
6984 62500
13176 218750
11856 203125
12250 187500
6476 62500
5875 46875
13072 203125
17878 390625
14419 343750
2828 15625
15576 328125
14673 281250
12002 203125
2415 0
4406 31250
10478 140625
17718 375000
16059 328125
4515 31250
11169 156250
7187 62500
17270 359375
6279 46875
10364 125000
4106 31250
7960 78125
1508 15625
9273 125000
9030 93750
19025 437500
5179 31250
3685 15625
1875 0
4825 31250
12169 203125
16421 328125
309 0
19203 453125
10399 125000
2341 0
7407 78125
718 0
7678 93750
3131 15625
3756 15625
17715 468750
18923 562500
1993 15625
7381 62500
14209 296875
11921 218750
16672 359375
10365 140625
6372 62500
4334 15625
1387 0
7720 78125
11917 203125
14104 250000
3055 15625
3657 15625
2456 15625
10257 171875
17751 406250
7219 62500
15816 328125
19852 484375
10599 156250
1506 0
12581 187500
11233 156250
17364 531250
13843 234375
4818 31250
9487 140625
19661 484375
19815 593750
6285 62500
15884 312500
8838 125000
19127 531250
13531 265625
7210 62500
1578 0
1298 0
10818 171875
13785 281250
2872 15625
7171 78125
16874 453125
2786 15625
17648 375000
14727 265625
1757 0
18022 390625
13828 234375
19975 484375
11937 171875
4478 31250
97 0
17137 390625
5625 46875
19168 437500
16673 343750
5599 31250
5111 31250
16717 343750
12187 187500
17029 375000
7252 78125
11541 156250
6944 78125
14694 281250
7546 78125
10814 156250
7413 78125
10892 156250
18184 406250
13220 234375
16193 312500
19494 484375
10371 140625
2603 0
6321 62500
11619 187500
5532 31250
10117 140625
10113 125000
1251 0
15305 359375
15348 328125
16451 343750
17638 390625
8828 109375
17532 390625
6402 46875
13962 265625
4962 31250
3043 15625
9461 140625
10169 125000
14312 281250
12892 218750
19149 468750
15522 328125
10266 125000
18081 390625
14473 250000
10957 156250
4076 31250
9595 125000
11346 187500
7884 93750
17149 359375
11284 156250
12746 218750
16577 328125
12875 218750
15318 296875
17608 375000
14660 265625
15680 296875
12550 187500
12964 203125
16051 328125
10914 140625
16165 343750
3730 31250
10608 140625
7246 62500
5283 31250
7863 78125
19010 468750
19985 515625
2820 15625
1671 0
6749 62500
17600 390625
19355 484375
10990 156250
6602 62500
11720 187500
15577 296875
6702 46875
11698 171875
7093 62500
5627 46875
11676 171875
8968 109375
12872 203125
15810 312500
1168 0
11968 187500
6246 46875
3959 31250
6969 62500
17078 375000
16999 343750
8924 109375
1349 0
2368 15625
18122 406250
6005 46875
2321 15625
15562 328125
5349 46875
11898 171875
13118 265625
9980 125000
153 0
12315 187500
11371 156250
5205 46875
16148 343750
8744 93750
9585 109375
8720 93750
10325 140625
892 0
4850 31250
16607 328125
2935 15625
16284 328125
8277 93750
10539 140625
9043 109375
5325 46875
5183 46875
17988 390625
16508 343750
6389 62500
18958 453125
2405 0
9782 125000
10861 140625
11884 187500
19138 468750
12905 218750
7204 62500
1224 0
438 0
10071 125000
1748 15625
1783 0
10465 125000
6447 46875
1760 0
8665 93750
4803 31250
17106 375000
2023 0
12046 187500
2403 15625
1183 0
10749 171875
11110 156250
14355 250000
17564 375000
1552 15625
8443 109375
18251 406250
19807 484375
16628 359375
19341 437500
15025 281250
17527 468750
18332 421875
10787 187500
4321 31250
11448 171875
12709 203125
1538 0
8700 93750
14374 250000
11101 156250
16140 328125
7036 62500
18451 406250
2882 0
332 0
14053 234375
18416 421875
13762 234375
10364 140625
19747 484375
5288 31250
14526 265625
11725 156250
19875 468750
11604 187500
3263 15625
19489 468750
15306 312500
558 0
2447 15625
8134 78125
9857 125000
11296 156250
19540 453125
14218 234375
13464 234375
2875 15625
2536 0
3584 15625
4302 31250
2582 0
11088 156250
3846 31250
10071 140625
524 0
18898 453125
5780 46875
994 0
5319 31250
19498 500000
11800 203125
13598 218750
718 0
1899 0
13172 203125
3486 15625
19284 468750
16077 343750
18765 406250
1007 0
4149 31250
10317 140625
3274 15625
3743 15625
4508 31250
3409 15625
19221 468750
981 0
11362 187500
18852 453125
19751 500000
10808 171875
10268 140625
17114 359375
1546 0
14499 265625
3054 15625
8312 93750
13331 234375
10300 140625
19998 500000
11431 156250
18900 421875
2006 0
10528 125000
15899 312500
19908 484375
1102 0
5680 46875
16026 328125
11978 187500
16838 343750
13478 218750
4177 31250
10687 171875
14212 250000
6589 62500
14247 250000
6979 62500
19924 484375
5256 31250
4117 31250
8284 78125
5325 31250
3398 15625
9673 125000
9836 109375
19348 453125
11155 156250
12718 203125
14331 234375
15054 281250
13253 234375
1123 0
12392 203125
1680 15625
15419 281250
12124 203125
9998 125000
8725 93750
7172 78125
14656 281250
15908 312500
16780 343750
5861 46875
11414 156250
18221 406250
12375 171875
17293 359375
3330 15625
6491 62500
5530 46875
10222 171875
2045 0
13770 234375
19986 484375
15553 312500
4229 15625
12037 187500
17247 359375
6021 62500
2817 15625
18700 406250
8215 78125
3383 15625
3388 15625
5026 31250
15997 328125
2269 0
18457 437500
10160 140625
15168 281250
9711 140625
7282 62500
13855 234375
12206 171875
12530 187500
6425 46875
8574 93750
14228 250000
9106 109375
281 0
1528 0
3345 15625
12678 218750
15567 296875
3055 15625
16310 328125
17059 359375
691 0
16941 375000
17549 390625
7802 78125
2221 15625
14083 328125
8675 93750
13123 234375
8488 109375
848 0
11432 156250
10473 140625
14444 250000
29 0
12222 187500
13590 234375
19415 453125
1366 0
10910 140625
16874 359375
4017 15625
7643 78125
5527 31250
7258 78125
15663 296875
10310 140625
7869 78125
16615 343750
1141 0
1134 0
10457 140625
13847 218750
18330 390625
8673 78125
10614 125000
12885 203125
8075 78125
19073 500000
1999 15625
4601 31250
10694 140625
19010 437500
9613 109375
14516 250000
1682 15625
2979 0
19979 468750
2792 0
2190 0
7524 78125
19949 515625
12205 187500
15396 281250
4977 31250
18266 406250
2733 0
10160 140625
5432 46875
7408 62500
1355 0
19961 484375
1447 0
11439 156250
11467 171875
5095 46875
2679 15625
10489 125000
7732 78125
7799 78125
2160 15625
11583 187500
9827 125000
9644 109375
16435 328125
16907 343750
16226 328125
4602 31250
9435 109375
5913 46875
1402 0
19516 453125
15432 328125
18315 406250
10613 125000
13688 250000
8689 109375
7102 46875
7793 78125
1057 0
1133 15625
18579 437500
5320 31250
10215 140625
11328 171875
11442 156250
16455 343750
2612 15625
1034 15625
12313 187500
16522 343750
16141 359375
11594 156250
15504 281250
1583 0
791 0
