9384 15625
15291 15625
14747 15625
18302 15625
11676 15625
12542 15625
18678 15625
7897 0
14916 15625
9296 15625
11424 0
3761 0
10891 0
6684 15625
19094 15625
8445 15625
18266 15625
8599 0
11450 0
11912 15625
11057 15625
11171 0
9903 0
4874 15625
12062 15625
1558 0
518 0
2132 0
12856 0
10534 15625
5897 15625
11179 15625
15304 15625
359 0
13065 15625
9157 0
14200 15625
1321 0
637 0
17307 15625
2446 0
16167 31250
13573 15625
8250 15625
14291 31250
4390 15625
14791 15625
10568 15625
9693 15625
203 0
13914 15625
10499 0
2079 0
16681 15625
7399 15625
14880 15625
1179 15625
13578 15625
1136 0
10906 15625
1107 15625
13475 15625
13516 15625
1097 0
8514 0
9176 0
9040 15625
16779 15625
1790 15625
12513 15625
10069 0
5407 15625
1873 0
13175 15625
15508 15625
674 0
15731 15625
10065 15625
4420 15625
10116 15625
19005 31250
6136 0
16498 15625
10278 15625
16692 31250
6223 15625
17520 15625
5618 15625
7330 0
8012 15625
5336 15625
3804 0
13199 15625
738 0
17601 31250
19202 15625
14415 15625
622 0
19573 31250
1241 0
11467 15625
18787 15625
8290 0
11376 15625
18824 15625
17690 15625
16662 15625
14341 15625
5573 0
3057 0
5862 15625
17464 15625
8696 15625
1524 0
13280 15625
10858 0
3551 0
12865 15625
9330 15625
13434 15625
7001 15625
7011 15625
19394 15625
13647 15625
3403 0
5882 15625
15347 15625
4792 15625
18141 15625
6142 0
13475 0
7485 15625
13876 0
16332 15625
615 0
6138 0
16247 31250
11629 0
4276 15625
17661 15625
4197 0
2606 0
409 0
19411 15625
13589 15625
5618 0
12484 0
7068 15625
5702 0
484 0
3519 0
10752 0
8746 15625
10105 15625
2397 0
1121 0
14754 15625
3416 0
17639 15625
12258 0
3758 0
1592 0
2939 15625
17853 31250
1852 0
16015 15625
19998 15625
10209 15625
13140 15625
14727 15625
14619 15625
19876 15625
1097 0
16579 15625
12841 15625
6547 15625
19483 31250
1065 0
5994 15625
10618 0
14584 15625
5074 15625
12843 15625
7156 0
388 0
9054 0
7707 0
6470 0
11584 0
17183 15625
16308 15625
19363 15625
18053 15625
15969 15625
16415 15625
18847 15625
15709 15625
3718 15625
5644 0
10604 0
12951 15625
17373 15625
14633 15625
8009 0
1744 0
14505 15625
13446 15625
7985 15625
3673 15625
10016 15625
1591 0
19700 31250
9908 15625
2355 0
19449 31250
3294 15625
11513 15625
15655 15625
642 0
15095 15625
8877 15625
18091 15625
216 0
19988 31250
11765 15625
11092 0
3048 0
13271 0
2803 0
8385 0
8150 15625
12004 0
11494 0
12940 0
16096 15625
6105 15625
77 0
584 0
9766 0
14470 15625
19725 15625
17868 15625
9160 15625
3449 0
7637 0
13116 15625
6177 0
7055 15625
17388 15625
16523 15625
16645 15625
3563 0
322 0
3086 0
6783 15625
1904 15625
8896 0
5438 0
389 15625
13284 15625
10084 15625
2396 0
14194 15625
7759 15625
11140 15625
13449 15625
6379 15625
8656 15625
8829 0
18948 15625
11246 15625
19678 31250
12394 15625
567 0
5831 15625
2743 0
4629 0
5887 0
19731 15625
17299 15625
2711 15625
58 0
17586 31250
19393 15625
3381 0
1056 0
6083 0
1877 0
18141 15625
9345 15625
14746 15625
17886 15625
5462 15625
13887 15625
19136 15625
7619 15625
2888 0
14479 15625
2585 0
18754 15625
9094 15625
7983 0
18066 31250
477 0
1204 0
9017 0
2926 0
3337 0
12736 15625
15516 15625
6122 15625
7570 15625
13157 15625
18139 15625
9937 0
18830 15625
8411 15625
4480 0
14942 15625
15151 15625
5353 0
5361 0
16886 15625
3701 0
17385 15625
19503 15625
1409 15625
16170 15625
7861 15625
7342 0
12222 15625
16216 15625
557 0
9877 15625
12847 15625
15317 15625
3224 0
8863 15625
6444 0
8424 0
3476 0
12437 0
19054 15625
4929 15625
4202 0
19339 15625
10717 0
10854 15625
17167 31250
7549 15625
17294 15625
11876 15625
12018 0
4734 0
2051 0
19095 15625
18093 15625
9617 15625
19621 15625
17056 31250
18709 15625
12072 15625
12954 15625
6098 15625
6602 0
13030 15625
15792 15625
18832 15625
7776 0
16223 15625
5532 15625
8716 15625
7192 15625
11625 15625
12965 15625
8197 0
1764 0
11477 0
19395 31250
14270 15625
2892 15625
5365 15625
86 0
6841 15625
9440 15625
7400 15625
3433 0
10178 15625
8767 0
18254 15625
14972 15625
8157 15625
14428 15625
12029 15625
10356 0
12707 15625
10931 15625
15658 15625
19724 15625
16096 15625
10729 0
17550 15625
5895 15625
19417 15625
5833 0
10479 15625
10966 15625
406 0
13594 15625
17138 15625
18706 15625
14811 15625
6587 0
4433 0
1216 0
13534 15625
7267 0
9558 0
2563 0
16077 15625
14096 0
5091 0
5112 0
3297 0
5357 0
9311 15625
14100 15625
5526 0
9097 0
8074 15625
14060 15625
5344 15625
8345 0
1844 0
12091 15625
8703 0
10640 15625
4194 0
2476 0
15995 15625
4835 15625
5481 15625
94 0
3307 0
9955 15625
6054 0
10125 0
814 0
4078 15625
18627 15625
3403 15625
853 0
11554 15625
16838 15625
6059 15625
5232 15625
9323 15625
17602 15625
6985 0
16675 15625
17277 31250
6984 15625
13176 15625
11856 15625
12250 15625
6476 15625
5875 15625
13072 15625
17878 15625
14419 15625
2828 15625
15576 15625
14673 15625
12002 0
2415 0
4406 0
10478 15625
17718 15625
16059 15625
4515 0
11169 0
7187 15625
17270 31250
6279 15625
10364 15625
4106 0
7960 15625
1508 0
9273 15625
9030 15625
19025 15625
5179 15625
3685 0
1875 0
4825 15625
12169 15625
16421 15625
309 0
19203 31250
10399 0
2341 0
7407 0
718 0
7678 0
3131 0
3756 0
17715 15625
18923 15625
1993 0
7381 15625
14209 15625
11921 15625
16672 15625
10365 0
6372 0
4334 0
1387 15625
7720 0
11917 15625
14104 15625
3055 15625
3657 0
2456 0
10257 15625
17751 15625
7219 0
15816 15625
19852 31250
10599 15625
1506 0
12581 15625
11233 15625
17364 31250
13843 0
4818 0
9487 15625
19661 15625
19815 31250
6285 15625
15884 15625
8838 15625
19127 31250
13531 15625
7210 15625
1578 0
1298 0
10818 15625
13785 15625
2872 0
7171 15625
16874 15625
2786 0
17648 15625
14727 15625
1757 0
18022 15625
13828 15625
19975 15625
11937 0
4478 0
97 0
17137 15625
5625 0
19168 31250
16673 15625
5599 15625
5111 0
16717 15625
12187 15625
17029 31250
7252 15625
11541 15625
6944 15625
14694 0
7546 15625
10814 0
7413 0
10892 15625
18184 15625
13220 15625
16193 15625
19494 15625
10371 0
2603 0
6321 0
11619 15625
5532 0
10117 0
10113 0
1251 0
15305 15625
15348 15625
16451 15625
17638 15625
8828 0
17532 15625
6402 15625
13962 15625
4962 0
3043 0
9461 0
10169 15625
14312 15625
12892 0
19149 31250
15522 15625
10266 15625
18081 15625
14473 15625
10957 15625
4076 15625
9595 0
11346 15625
7884 0
17149 15625
11284 15625
12746 0
16577 15625
12875 15625
15318 15625
17608 15625
14660 15625
15680 15625
12550 15625
12964 0
16051 15625
10914 15625
16165 15625
3730 0
10608 15625
7246 0
5283 0
7863 0
19010 15625
19985 15625
2820 0
1671 0
6749 15625
17600 15625
19355 15625
10990 0
6602 15625
11720 0
15577 15625
6702 15625
11698 15625
7093 15625
5627 0
11676 0
8968 15625
12872 15625
15810 15625
1168 15625
11968 15625
6246 0
3959 15625
6969 0
17078 15625
16999 31250
8924 0
1349 0
2368 0
18122 15625
6005 15625
2321 15625
15562 15625
5349 15625
11898 15625
13118 15625
9980 0
153 0
12315 0
11371 15625
5205 0
16148 15625
8744 15625
9585 15625
8720 15625
10325 15625
892 0
4850 15625
16607 15625
2935 0
16284 15625
8277 15625
10539 0
9043 15625
5325 0
5183 0
17988 15625
16508 15625
6389 15625
18958 15625
2405 0
9782 0
10861 15625
11884 15625
19138 15625
12905 15625
7204 15625
1224 0
438 0
10071 0
1748 0
1783 0
10465 15625
6447 0
1760 0
8665 15625
4803 15625
17106 15625
2023 0
12046 15625
2403 15625
1183 0
10749 15625
11110 15625
14355 15625
17564 15625
1552 15625
8443 15625
18251 31250
19807 15625
16628 15625
19341 15625
15025 15625
17527 31250
18332 15625
10787 15625
4321 0
11448 15625
12709 15625
1538 0
8700 0
14374 15625
11101 0
16140 15625
7036 0
18451 31250
2882 0
332 0
14053 15625
18416 15625
13762 15625
10364 15625
19747 31250
5288 15625
14526 15625
11725 15625
19875 15625
11604 0
3263 0
19489 31250
15306 15625
558 0
2447 0
8134 15625
9857 15625
11296 0
19540 15625
14218 0
13464 15625
2875 0
2536 0
3584 15625
4302 0
2582 0
11088 15625
3846 0
10071 15625
524 0
18898 15625
5780 15625
994 0
5319 15625
19498 31250
11800 15625
13598 31250
718 0
1899 0
13172 15625
3486 0
19284 15625
16077 15625
18765 15625
1007 0
4149 0
10317 0
3274 0
3743 0
4508 0
3409 15625
19221 15625
981 0
11362 15625
18852 15625
19751 15625
10808 31250
10268 0
17114 15625
1546 0
14499 15625
3054 0
8312 15625
13331 15625
10300 0
19998 31250
11431 0
18900 15625
2006 0
10528 15625
15899 0
19908 15625
1102 0
5680 0
16026 15625
11978 15625
16838 15625
13478 15625
4177 0
10687 15625
14212 15625
6589 0
14247 0
6979 15625
19924 15625
5256 0
4117 0
8284 15625
5325 0
3398 15625
9673 0
9836 15625
19348 15625
11155 0
12718 15625
14331 15625
15054 15625
13253 15625
1123 0
12392 15625
1680 0
15419 15625
12124 15625
9998 15625
8725 15625
7172 0
14656 15625
15908 15625
16780 15625
5861 0
11414 0
18221 15625
12375 15625
17293 15625
3330 0
6491 15625
5530 0
10222 15625
2045 0
13770 15625
19986 15625
15553 15625
4229 0
12037 15625
17247 15625
6021 15625
2817 0
18700 15625
8215 15625
3383 15625
3388 0
5026 0
15997 15625
2269 0
18457 15625
10160 15625
15168 15625
9711 0
7282 15625
13855 15625
12206 15625
12530 15625
6425 0
8574 0
14228 15625
9106 15625
281 0
1528 0
3345 15625
12678 0
15567 15625
3055 0
16310 15625
17059 31250
691 0
16941 15625
17549 15625
7802 15625
2221 0
14083 0
8675 15625
13123 31250
8488 15625
848 0
11432 0
10473 15625
14444 0
29 0
12222 15625
13590 15625
19415 15625
1366 0
10910 15625
16874 15625
4017 0
7643 0
5527 0
7258 15625
15663 15625
10310 15625
7869 15625
16615 15625
1141 0
1134 0
10457 0
13847 0
18330 15625
8673 0
10614 15625
12885 15625
8075 15625
19073 31250
1999 0
4601 15625
10694 0
19010 15625
9613 15625
14516 0
1682 15625
2979 0
19979 15625
2792 0
2190 0
7524 0
19949 15625
12205 15625
15396 15625
4977 0
18266 15625
2733 0
10160 0
5432 15625
7408 15625
1355 0
19961 15625
1447 0
11439 15625
11467 0
5095 0
2679 15625
10489 15625
7732 15625
7799 15625
2160 0
11583 15625
9827 15625
9644 0
16435 15625
16907 15625
16226 15625
4602 0
9435 15625
5913 0
1402 0
19516 15625
15432 15625
18315 15625
10613 15625
13688 15625
8689 15625
7102 0
7793 15625
1057 0
1133 0
18579 15625
5320 0
10215 15625
11328 15625
11442 0
16455 15625
2612 0
1034 0
12313 0
16522 15625
16141 15625
11594 15625
15504 15625
1583 0
791 0
127542 125000
73754 78125
173516 250000
256293 296875
71073 78125
792245 1250000
957611 1437500
27123 31250
534462 781250
868056 1281250
909394 1281250
502039 687500
329504 390625
224493 296875
858316 1218750
107972 109375
977013 1406250
886563 1296875
990814 1484375
111585 109375
589948 843750
549275 796875
368308 406250
224681 281250
430003 562500
299814 343750
899072 1359375
260998 281250
570936 828125
930030 1343750
524599 703125
390193 531250
814629 1218750
279988 359375
331915 453125
468321 640625
633675 875000
900010 1343750
418539 562500
615511 859375
720977 1031250
356093 468750
332713 453125
906607 1281250
352956 437500
263360 359375
332981 375000
569069 796875
629601 921875
738243 1078125
672247 906250
669149 953125
459936 625000
135958 140625
86974 93750
994766 1421875
619182 890625
751898 1062500
640858 921875
148746 156250
659259 937500
931942 1359375
152294 171875
900177 1312500
487903 671875
968884 1359375
907969 1375000
694907 1000000
420232 484375
551263 765625
989138 1484375
344785 390625
181570 234375
930987 1375000
274725 312500
400194 546875
575563 796875
689120 984375
423777 593750
628691 875000
197885 218750
44241 46875
334908 468750
750090 1093750
394627 593750
564473 890625
97160 109375
445578 625000
305402 390625
826397 1187500
164043 234375
501712 687500
651421 890625
120360 125000
776450 1140625
878355 1328125
512782 734375
180402 234375
218564 234375
580549 781250
789982 1078125
698704 953125
287433 375000
390827 437500
777488 1328125
575561 765625
415939 578125
912837 1312500
944384 1343750
342170 421875
184198 265625
917203 1359375
107655 109375
719692 1046875
692850 1000000
170740 218750
221556 265625
231168 281250
649057 921875
672363 1000000
405144 578125
545476 828125
599262 796875
331629 421875
702805 1015625
565586 765625
294269 343750
384020 437500
676579 953125
205979 250000
251441 359375
306859 421875
192450 234375
35223 31250
538722 781250
205648 218750
196071 203125
70670 62500
23621 31250
597322 828125
704172 1000000
360694 500000
458807 593750
619228 906250
331517 468750
324958 375000
492123 640625
947034 1390625
644864 843750
559964 765625
163301 218750
729752 1093750
548050 781250
208631 281250
101227 93750
859174 1281250
93114 109375
882086 1312500
915533 1328125
331552 421875
643366 906250
420407 562500
740979 1062500
597298 812500
620506 875000
514981 687500
899275 1312500
129794 171875
213036 265625
993837 1437500
734033 1015625
139617 140625
360047 406250
754737 1062500
652398 968750
566425 812500
458575 625000
99376 109375
345704 406250
469537 640625
233821 312500
163531 187500
291597 406250
646230 937500
399781 453125
847653 1203125
325522 453125
465681 609375
971118 1390625
717028 1093750
534269 765625
878718 1250000
176626 234375
115956 140625
735613 1046875
558356 765625
35530 46875
742757 1031250
903881 1296875
110265 125000
732912 1015625
715466 984375
973034 1359375
46716 46875
619669 875000
372735 421875
131982 140625
66832 78125
242843 296875
228395 234375
840280 1187500
297595 375000
149218 156250
240866 312500
38281 31250
221337 312500
410971 484375
914327 1281250
578535 781250
674384 968750
88476 109375
438006 546875
599342 828125
38323 31250
650411 828125
170053 187500
862316 1187500
811760 1406250
342684 593750
666393 843750
387576 453125
250643 265625
449331 843750
451099 593750
375656 515625
625968 828125
859169 1171875
219978 343750
689471 937500
112287 109375
598957 765625
96321 109375
547915 640625
621422 875000
527013 734375
311712 359375
163985 187500
706266 1015625
615816 828125
395277 453125
274600 296875
281822 328125
139985 156250
701975 1031250
185984 234375
180314 187500
547613 796875
683373 968750
678638 1000000
431832 562500
788941 1156250
940478 1312500
433683 562500
986452 1421875
730144 1031250
612769 906250
106006 109375
508602 703125
347985 406250
397309 578125
591021 812500
378668 515625
51696 62500
600172 843750
784662 1109375
501881 671875
362973 500000
524548 734375
797616 1171875
756580 1093750
441218 500000
258856 343750
256706 343750
398820 578125
663118 1078125
280001 515625
424253 578125
400353 625000
38019 46875
948439 1406250
514157 781250
976524 1609375
284391 406250
33137 31250
817596 1203125
666401 890625
941968 1609375
372769 531250
321186 421875
597667 890625
607215 765625
546421 875000
517914 781250
58444 78125
379477 546875
668687 1000000
562923 812500
702542 1093750
771165 1265625
615344 921875
524072 734375
585823 921875
111726 156250
338108 484375
649135 968750
417232 578125
627128 937500
522409 765625
94270 109375
993694 1515625
264196 375000
83432 78125
755264 1078125
723493 1093750
116383 140625
38819 31250
621031 828125
635016 953125
905913 1171875
365700 437500
571993 828125
895208 1375000
718764 1125000
789485 1234375
951662 1406250
153352 156250
222667 312500
127510 171875
84313 109375
47709 62500
943067 1343750
892334 1312500
698158 1015625
764356 1171875
743933 1109375
537193 734375
709976 906250
390421 531250
815949 1140625
485544 687500
895599 1312500
71592 78125
829858 1203125
922881 1343750
441601 656250
57872 62500
557168 718750
127903 156250
719318 1078125
994866 1578125
476831 656250
491602 687500
512788 718750
684056 1062500
185974 203125
32703 46875
94676 93750
898037 1515625
946198 1187500
936046 1406250
623473 921875
946966 1406250
965756 1437500
90498 109375
92153 109375
947681 1390625
20476 15625
930498 1437500
158731 187500
713906 1046875
401749 500000
623430 906250
198462 296875
345521 421875
547351 906250
246705 343750
561962 781250
809016 968750
646805 1078125
157712 203125
314735 375000
487136 625000
232620 265625
151628 187500
989161 1343750
131830 171875
430366 687500
634303 859375
518681 718750
654275 796875
570317 718750
237442 281250
383909 421875
278830 375000
485553 671875
768326 1296875
790210 1375000
159958 234375
232374 359375
935128 1312500
77007 78125
173419 187500
804401 1296875
123664 171875
279664 390625
892287 1484375
226333 296875
448942 640625
462254 562500
256071 343750
753305 1046875
823526 1296875
943850 1390625
621252 843750
364719 500000
28978 46875
214078 312500
684714 984375
188603 203125
367890 531250
591998 843750
923592 1437500
107997 109375
421799 531250
630170 875000
588186 843750
550436 750000
942120 1437500
801792 1312500
354533 531250
323673 421875
644637 937500
198468 218750
801990 1203125
867850 1250000
125366 140625
909739 1234375
119640 125000
863206 1250000
476973 687500
743166 1171875
779825 1125000
250833 312500
876425 1421875
384866 468750
883263 1343750
287648 406250
77331 78125
85938 93750
595946 921875
655761 1031250
185779 218750
292285 328125
891270 1312500
50873 62500
965408 1437500
145116 203125
572624 750000
36646 46875
273493 312500
761124 1265625
675268 1171875
253584 359375
450130 515625
41955 46875
203157 218750
389545 500000
117090 125000
674650 953125
763407 1171875
490378 718750
126702 125000
577106 812500
265331 312500
169719 218750
722680 1078125
266846 312500
399603 578125
348765 500000
668841 1281250
278038 375000
624517 1203125
42234 62500
221824 343750
742889 1234375
191649 250000
595122 984375
418214 546875
418520 500000
208935 312500
821180 1171875
265461 406250
640180 921875
647450 1125000
901023 1343750
63052 93750
856220 1500000
637754 906250
80036 78125
925733 1578125
912865 1390625
410891 625000
675943 1031250
549952 796875
586271 781250
182360 250000
520804 765625
647455 937500
749767 1281250
252259 359375
741542 1109375
562436 812500
100453 125000
368572 578125
316367 468750
985041 1562500
815056 1265625
139402 171875
970465 1609375
740573 1234375
511967 875000
950922 1437500
655177 953125
511972 890625
203240 281250
749328 1453125
298721 515625
739185 1062500
225957 265625
115865 125000
966940 1375000
917545 1328125
292252 453125
605141 890625
519831 718750
419863 546875
290790 421875
251867 328125
261269 312500
705876 890625
655888 921875
621022 812500
36192 46875
433574 593750
99820 93750
896390 1375000
172516 171875
918975 1265625
650146 937500
783004 1187500
718932 1062500
175186 187500
703979 1000000
638929 906250
35650 31250
543795 765625
864708 1093750
816631 1187500
351320 515625
915378 1625000
706999 1375000
689403 1359375
686223 1546875
394274 843750
27441 46875
628820 1093750
806835 1531250
929522 1828125
116028 140625
152464 265625
875751 1703125
239366 343750
688364 1296875
142005 187500
526022 984375
689447 1046875
924767 1859375
729659 1078125
268872 312500
460321 546875
374684 531250
635041 843750
755359 1078125
135761 171875
707256 968750
257364 296875
725445 1015625
73329 93750
664631 984375
183019 203125
488649 578125
128582 125000
993024 1484375
531921 687500
338491 468750
414091 531250
789138 1187500
297255 328125
533950 718750
750762 1000000
221989 312500
108915 109375
770976 1125000
26735 31250
556313 781250
470753 562500
932522 1375000
315569 421875
671084 937500
474928 625000
497533 703125
692701 968750
155133 156250
251208 328125
251938 343750
675323 953125
790508 1109375
334978 453125
782848 1093750
990048 1437500
906988 1281250
944236 1375000
527134 765625
278591 312500
659869 937500
741928 1015625
981081 1343750
425370 593750
155439 156250
578597 781250
229449 250000
726456 984375
210808 234375
233868 250000
925312 1312500
130616 125000
286320 359375
505165 718750
50432 46875
686924 1015625
572254 703125
675498 953125
320070 406250
630078 843750
985765 1375000
102694 109375
926010 1421875
935339 1359375
296658 390625
908899 1359375
499437 734375
441870 515625
176830 250000
543935 781250
620558 906250
994111 1437500
584208 718750
131071 156250
291503 328125
308674 421875
859158 1312500
430529 625000
870995 1343750
725135 1015625
455301 656250
247100 328125
208266 234375
126605 140625
329620 437500
200506 281250
363667 515625
414641 578125
761285 1125000
796040 1046875
407247 468750
729807 1093750
807530 1187500
844129 1156250
884291 1281250
637411 921875
636246 906250
765339 1078125
378222 484375
601976 843750
88558 93750
149960 203125
470192 671875
818853 1203125
330732 453125
65348 62500
839678 1203125
460292 546875
389141 500000
480043 640625
461479 625000
229384 265625
485665 687500
301291 343750
687414 1015625
42764 46875
636475 921875
980611 1421875
152030 171875
960507 1390625
660692 953125
250570 312500
249062 312500
793702 1156250
636124 859375
200423 218750
206540 265625
117748 125000
539610 718750
454544 640625
298668 390625
254665 312500
337472 437500
97496 109375
289168 390625
644112 921875
349337 484375
952014 1328125
140058 156250
688630 968750
572432 828125
970557 1437500
715912 1015625
824920 1171875
596649 796875
581389 875000
159152 218750
973181 1312500
556769 703125
692407 843750
408233 500000
39012 62500
964869 1203125
854416 1140625
650828 921875
59290 62500
511328 687500
682214 921875
418742 484375
574866 906250
560430 843750
881536 1109375
967534 1250000
628484 875000
429117 578125
697683 906250
192665 265625
432228 593750
420845 484375
480828 671875
263272 296875
262114 296875
540701 656250
790607 1187500
882579 1281250
129123 156250
598794 828125
478563 640625
905757 1359375
299102 328125
263733 312500
859317 1234375
710833 968750
311843 406250
659275 906250
401858 531250
91250 93750
21883 31250
379085 421875
735088 1015625
98085 109375
799544 1156250
943000 1375000
88374 109375
482747 625000
643527 953125
462403 671875
421611 593750
857733 1250000
40901 46875
950502 1437500
177196 187500
858416 1312500
848687 1281250
789555 1109375
355617 500000
500350 703125
773630 1078125
361392 406250
808054 1187500
152284 171875
648465 921875
238480 265625
270225 312500
777985 1062500
761406 1015625
330251 437500
254839 281250
419154 546875
99556 109375
284452 312500
535109 718750
850276 1265625
375441 421875
451301 859375
782310 1109375
270233 375000
214055 234375
965653 1390625
652526 890625
586657 812500
158819 171875
584465 843750
102541 93750
987017 1468750
184363 187500
502755 656250
668232 953125
328712 375000
498537 718750
550666 734375
212530 218750
533361 640625
693289 1000000
911809 1312500
401078 468750
591562 843750
621156 875000
434121 593750
951129 1421875
448212 640625
448346 562500
146024 187500
212715 265625
515375 734375
835461 1218750
164835 250000
769622 1093750
997823 1468750
392294 453125
375324 515625
142768 218750
726242 1031250
503408 640625
189503 203125
641635 953125
432572 593750
458004 562500
554978 734375
882875 1281250
849897 1078125
315412 343750
105597 109375
882695 1250000
176697 234375
747623 1031250
723096 968750
402325 453125
844264 1218750
254457 328125
82120 93750
656444 953125
808448 1203125
773769 1156250
968621 1390625
846507 1218750
493387 718750
572043 781250
750490 1031250
964694 1406250
428257 625000
34217 31250
547208 671875
199797 218750
320272 359375
101285 171875
70939 78125
874132 1109375
381931 437500
835497 1015625
855464 1281250
299399 328125
754867 1078125
815779 1015625
27439 31250
581066 843750
173243 171875
108152 140625
311800 343750
627492 906250
320153 421875
71054 78125
589313 734375
253594 359375
839486 1468750
990896 1859375
291478 453125
98709 109375
739873 1390625
109726 109375
495995 718750
562345 1000000
867396 1343750
603384 1125000
25433 46875
635246 968750
150202 265625
285886 343750
236038 296875
99775 109375
780086 1296875
328617 500000
432314 609375
518197 875000
87756 93750
710014 1296875
31494 46875
65894 78125
758311 1156250
321542 437500
503370 968750
468666 562500
657286 1093750
708205 1093750
33417 46875
799798 1703125
981407 2046875
599818 1203125
80746 140625
61549 93750
626098 1187500
798837 1609375
630303 1406250
514902 1046875
724798 1578125
656206 1390625
360979 781250
769812 1390625
704301 1203125
745497 1281250
639745 1265625
199759 250000
620455 1109375
49663 46875
731102 1015625
485027 609375
560736 750000
988861 1375000
446408 734375
545694 906250
740368 1015625
531200 671875
749754 1015625
227693 234375
395880 500000
195583 218750
754112 1046875
663901 953125
669022 890625
364729 500000
499424 609375
618951 906250
354081 500000
736175 1093750
489872 687500
872167 1265625
588577 843750
366190 468750
766120 1109375
380774 484375
278975 359375
536725 703125
844879 1250000
870081 1234375
209318 343750
529732 765625
455069 750000
720433 1031250
80259 109375
930757 1375000
936378 1359375
854113 1265625
789869 1218750
735195 1453125
781577 1390625
660009 1000000
