9384 15625
15291 15625
14747 0
18302 15625
11676 15625
12542 0
18678 15625
7897 15625
14916 15625
9296 0
11424 15625
3761 0
10891 15625
6684 0
19094 15625
8445 15625
18266 15625
8599 15625
11450 15625
11912 15625
11057 15625
11171 0
9903 15625
4874 0
12062 15625
1558 0
518 0
2132 0
12856 0
10534 0
5897 15625
11179 15625
15304 15625
359 0
13065 15625
9157 15625
14200 15625
1321 0
637 0
17307 15625
2446 0
16167 31250
13573 0
8250 0
14291 15625
4390 0
14791 15625
10568 15625
9693 0
203 0
13914 15625
10499 15625
2079 0
16681 15625
7399 15625
14880 15625
1179 0
13578 15625
1136 0
10906 0
1107 0
13475 15625
13516 15625
1097 0
8514 15625
9176 15625
9040 0
16779 15625
1790 0
12513 0
10069 15625
5407 0
1873 0
13175 15625
15508 15625
674 0
15731 15625
10065 15625
4420 0
10116 0
19005 15625
6136 0
16498 15625
10278 0
16692 15625
6223 0
17520 15625
5618 0
7330 15625
8012 0
5336 0
3804 0
13199 15625
738 0
17601 15625
19202 15625
14415 15625
622 0
19573 15625
1241 0
11467 0
18787 15625
8290 0
11376 15625
18824 15625
17690 15625
16662 15625
14341 0
5573 15625
3057 0
5862 0
17464 15625
8696 15625
1524 0
13280 0
10858 0
3551 0
12865 15625
9330 15625
13434 0
7001 15625
7011 0
19394 15625
13647 15625
3403 0
5882 15625
15347 15625
4792 0
18141 15625
6142 0
13475 15625
7485 0
13876 15625
16332 15625
615 15625
6138 0
16247 0
11629 0
4276 0
17661 15625
4197 0
2606 0
409 0
19411 15625
13589 15625
5618 0
12484 15625
7068 0
5702 0
484 0
3519 0
10752 0
8746 0
10105 15625
2397 0
1121 0
14754 15625
3416 15625
17639 15625
12258 0
3758 0
1592 0
2939 15625
17853 15625
1852 0
16015 15625
19998 15625
10209 15625
13140 0
14727 15625
14619 15625
19876 15625
1097 0
16579 15625
12841 15625
6547 15625
19483 15625
1065 0
5994 0
10618 0
14584 15625
5074 0
12843 15625
7156 0
388 0
9054 15625
7707 0
6470 15625
11584 15625
17183 15625
16308 0
19363 15625
18053 15625
15969 15625
16415 15625
18847 15625
15709 15625
3718 15625
5644 0
10604 15625
12951 0
17373 15625
14633 0
8009 0
1744 0
14505 15625
13446 0
7985 15625
3673 15625
10016 15625
1591 0
19700 31250
9908 15625
2355 15625
19449 15625
3294 0
11513 15625
15655 15625
642 0
15095 31250
8877 15625
18091 15625
216 0
19988 15625
11765 0
11092 15625
3048 15625
13271 15625
2803 15625
8385 0
8150 15625
12004 15625
11494 15625
12940 15625
16096 15625
6105 0
77 0
584 0
9766 15625
14470 15625
19725 15625
17868 15625
9160 0
3449 0
7637 15625
13116 0
6177 0
7055 0
17388 15625
16523 0
16645 15625
3563 0
322 0
3086 0
6783 15625
1904 0
8896 0
5438 15625
389 0
13284 15625
10084 0
2396 0
14194 0
7759 0
11140 0
13449 15625
6379 0
8656 0
8829 0
18948 15625
11246 0
19678 15625
12394 15625
567 0
5831 0
2743 0
4629 0
5887 0
19731 15625
17299 15625
2711 0
58 0
17586 15625
19393 15625
3381 0
1056 0
6083 0
1877 0
18141 15625
9345 0
14746 15625
17886 15625
5462 0
13887 15625
19136 15625
7619 0
2888 15625
14479 15625
2585 0
18754 15625
9094 0
7983 15625
18066 15625
477 0
1204 0
9017 0
2926 15625
3337 0
12736 15625
15516 0
6122 15625
7570 15625
13157 0
18139 15625
9937 0
18830 15625
8411 0
4480 0
14942 15625
15151 15625
5353 0
5361 0
16886 15625
3701 0
17385 31250
19503 15625
1409 0
16170 15625
7861 0
7342 0
12222 15625
16216 15625
557 0
9877 0
12847 15625
15317 15625
3224 0
8863 0
6444 15625
8424 0
3476 0
12437 0
19054 15625
4929 15625
4202 0
19339 15625
10717 15625
10854 15625
17167 15625
7549 15625
17294 15625
11876 15625
12018 15625
4734 15625
2051 0
19095 15625
18093 15625
9617 15625
19621 15625
17056 15625
18709 15625
12072 15625
12954 0
6098 0
6602 15625
13030 15625
15792 15625
18832 15625
7776 15625
16223 15625
5532 15625
8716 0
7192 15625
11625 15625
12965 0
8197 0
1764 0
11477 15625
19395 15625
14270 0
2892 15625
5365 0
86 0
6841 0
9440 15625
7400 0
3433 0
10178 0
8767 15625
18254 15625
14972 15625
8157 0
14428 0
12029 15625
10356 15625
12707 15625
10931 15625
15658 15625
19724 15625
16096 15625
10729 15625
17550 15625
5895 15625
19417 15625
5833 15625
10479 15625
10966 0
406 0
13594 15625
17138 15625
18706 15625
14811 15625
6587 0
4433 0
1216 0
13534 15625
7267 0
9558 0
2563 0
16077 0
14096 15625
5091 15625
5112 0
3297 0
5357 0
9311 15625
14100 15625
5526 15625
9097 0
8074 0
14060 15625
5344 0
8345 15625
1844 0
12091 15625
8703 15625
10640 15625
4194 0
2476 0
15995 0
4835 15625
5481 0
94 0
3307 0
9955 0
6054 0
10125 0
814 0
4078 0
18627 15625
3403 0
853 0
11554 15625
16838 15625
6059 15625
5232 0
9323 0
17602 15625
6985 15625
16675 15625
17277 15625
6984 15625
13176 15625
11856 15625
12250 0
6476 0
5875 0
13072 15625
17878 15625
14419 15625
2828 0
15576 15625
14673 0
12002 15625
2415 0
4406 0
10478 0
17718 15625
16059 15625
4515 15625
11169 0
7187 15625
17270 15625
6279 0
10364 0
4106 0
7960 0
1508 0
9273 15625
9030 15625
19025 15625
5179 0
3685 0
1875 0
4825 0
12169 15625
16421 15625
309 0
19203 15625
10399 15625
2341 0
7407 15625
718 0
7678 15625
3131 0
3756 0
17715 15625
18923 15625
1993 0
7381 15625
14209 15625
11921 0
16672 15625
10365 0
6372 0
4334 15625
1387 0
7720 0
11917 15625
14104 15625
3055 15625
3657 0
2456 0
10257 15625
17751 15625
7219 0
15816 15625
19852 15625
10599 15625
1506 0
12581 15625
11233 15625
17364 15625
13843 15625
4818 0
9487 15625
19661 15625
19815 15625
6285 15625
15884 15625
8838 15625
19127 31250
13531 15625
7210 0
1578 15625
1298 0
10818 0
13785 15625
2872 0
7171 0
16874 15625
2786 0
17648 15625
14727 15625
1757 0
18022 15625
13828 0
19975 15625
11937 0
4478 0
97 0
17137 15625
5625 0
19168 15625
16673 0
5599 15625
5111 0
16717 15625
12187 0
17029 15625
7252 15625
11541 0
6944 0
14694 15625
7546 0
10814 0
7413 0
10892 15625
18184 15625
13220 15625
16193 15625
19494 15625
10371 15625
2603 15625
6321 0
11619 0
5532 0
10117 15625
10113 15625
1251 15625
15305 15625
15348 15625
16451 15625
17638 15625
8828 0
17532 15625
6402 0
13962 0
4962 0
3043 15625
9461 0
10169 15625
14312 15625
12892 15625
19149 15625
15522 15625
10266 0
18081 15625
14473 15625
10957 0
4076 0
9595 0
11346 15625
7884 0
17149 15625
11284 0
12746 15625
16577 15625
12875 15625
15318 0
17608 15625
14660 15625
15680 15625
12550 15625
12964 15625
16051 15625
10914 15625
16165 0
3730 0
10608 15625
7246 0
5283 0
7863 15625
19010 15625
19985 15625
2820 0
1671 0
6749 0
17600 15625
19355 15625
10990 0
6602 15625
11720 0
15577 15625
6702 15625
11698 15625
7093 0
5627 0
11676 15625
8968 0
12872 15625
15810 15625
1168 0
11968 15625
6246 15625
3959 0
6969 15625
17078 31250
16999 15625
8924 15625
1349 0
2368 0
18122 15625
6005 0
2321 0
15562 15625
5349 0
11898 0
13118 0
9980 15625
153 0
12315 15625
11371 0
5205 0
16148 15625
8744 15625
9585 15625
8720 0
10325 15625
892 0
4850 0
16607 15625
2935 0
16284 15625
8277 0
10539 15625
9043 0
5325 15625
5183 0
17988 15625
16508 15625
6389 0
18958 15625
2405 15625
9782 0
10861 15625
11884 15625
19138 15625
12905 15625
7204 15625
1224 0
438 0
10071 15625
1748 0
1783 0
10465 15625
6447 0
1760 0
8665 15625
4803 0
17106 15625
2023 0
12046 0
2403 0
1183 0
10749 15625
11110 15625
14355 15625
17564 15625
1552 15625
8443 0
18251 15625
19807 15625
16628 15625
19341 31250
15025 15625
17527 31250
18332 15625
10787 15625
4321 0
11448 15625
12709 0
1538 0
8700 0
14374 15625
11101 15625
16140 15625
7036 15625
18451 15625
2882 0
332 0
14053 15625
18416 15625
13762 15625
10364 0
19747 15625
5288 0
14526 15625
11725 15625
19875 15625
11604 0
3263 0
19489 15625
15306 15625
558 0
2447 0
8134 0
9857 15625
11296 15625
19540 15625
14218 15625
13464 15625
2875 0
2536 0
3584 0
4302 0
2582 0
11088 0
3846 15625
10071 15625
524 0
18898 31250
5780 0
994 0
5319 0
19498 15625
11800 0
13598 0
718 0
1899 0
13172 15625
3486 0
19284 15625
16077 31250
18765 15625
1007 0
4149 0
10317 15625
3274 15625
3743 0
4508 0
3409 0
19221 15625
981 0
11362 0
18852 15625
19751 15625
10808 15625
10268 15625
17114 31250
1546 0
14499 15625
3054 0
8312 15625
13331 15625
10300 15625
19998 31250
11431 15625
18900 15625
2006 0
10528 15625
15899 15625
19908 15625
1102 0
5680 0
16026 15625
11978 15625
16838 15625
13478 15625
4177 0
10687 15625
14212 15625
6589 15625
14247 0
6979 0
19924 15625
5256 0
4117 15625
8284 0
5325 0
3398 0
9673 15625
9836 0
19348 15625
11155 0
12718 15625
14331 15625
15054 15625
13253 15625
1123 0
12392 15625
1680 0
15419 15625
12124 15625
9998 0
8725 0
7172 0
14656 15625
15908 0
16780 15625
5861 0
11414 15625
18221 15625
12375 15625
17293 31250
3330 0
6491 0
5530 15625
10222 0
2045 0
13770 15625
19986 15625
15553 15625
4229 0
12037 15625
17247 15625
6021 15625
2817 0
18700 15625
8215 15625
3383 0
3388 0
5026 0
15997 15625
2269 0
18457 15625
10160 0
15168 15625
9711 0
7282 15625
13855 15625
12206 15625
12530 15625
6425 15625
8574 15625
14228 15625
9106 0
281 0
1528 0
3345 0
12678 15625
15567 0
3055 0
16310 0
17059 15625
691 0
16941 0
17549 15625
7802 0
2221 0
14083 0
8675 0
13123 15625
8488 15625
848 0
11432 15625
10473 0
14444 15625
29 0
12222 15625
13590 15625
19415 15625
1366 0
10910 0
16874 15625
4017 0
7643 0
5527 0
7258 15625
15663 0
10310 0
7869 15625
16615 15625
1141 0
1134 0
10457 15625
13847 15625
18330 15625
8673 15625
10614 15625
12885 15625
8075 15625
19073 15625
1999 0
4601 0
10694 0
19010 15625
9613 0
14516 15625
1682 0
2979 0
19979 15625
2792 0
2190 0
7524 0
19949 15625
12205 15625
15396 15625
4977 15625
18266 15625
2733 0
10160 15625
5432 0
7408 0
1355 0
19961 31250
1447 0
11439 15625
11467 15625
5095 15625
2679 0
10489 15625
7732 15625
7799 15625
2160 15625
11583 0
9827 15625
9644 0
16435 0
16907 31250
16226 15625
4602 0
9435 15625
5913 15625
1402 0
19516 15625
15432 0
18315 15625
10613 15625
13688 15625
8689 0
7102 15625
7793 0
1057 0
1133 0
18579 15625
5320 15625
10215 15625
11328 15625
11442 15625
16455 15625
2612 15625
1034 0
12313 15625
16522 15625
16141 0
11594 15625
15504 0
1583 0
791 0
127542 125000
73754 62500
173516 281250
256293 281250
71073 62500
792245 953125
957611 1140625
27123 15625
534462 625000
868056 1046875
909394 1109375
502039 562500
329504 312500
224493 203125
858316 1078125
107972 93750
977013 1203125
886563 1031250
990814 1203125
111585 93750
589948 734375
549275 640625
368308 421875
224681 265625
430003 437500
299814 281250
899072 1125000
260998 312500
570936 640625
930030 1109375
524599 593750
390193 375000
814629 937500
279988 265625
331915 359375
468321 546875
633675 750000
900010 1125000
418539 468750
615511 796875
720977 906250
356093 375000
332713 390625
906607 1140625
352956 328125
263360 250000
332981 375000
569069 625000
629601 671875
738243 921875
672247 812500
669149 859375
459936 546875
135958 171875
86974 78125
994766 1281250
619182 734375
751898 859375
640858 750000
148746 140625
659259 765625
931942 1187500
152294 156250
900177 1171875
487903 515625
968884 1109375
907969 1140625
694907 859375
420232 421875
551263 609375
989138 1265625
344785 312500
181570 171875
930987 1125000
274725 328125
400194 468750
575563 687500
689120 859375
423777 484375
628691 750000
197885 187500
44241 31250
334908 406250
750090 875000
394627 437500
564473 765625
97160 125000
445578 500000
305402 359375
826397 1031250
164043 187500
501712 546875
651421 796875
120360 140625
776450 906250
878355 1109375
512782 609375
180402 171875
218564 234375
580549 671875
789982 921875
698704 843750
287433 296875
390827 484375
777488 937500
575561 671875
415939 484375
912837 1156250
944384 1140625
342170 375000
184198 171875
917203 1140625
107655 93750
719692 906250
692850 812500
170740 187500
221556 234375
231168 265625
649057 734375
672363 859375
405144 437500
545476 546875
599262 703125
331629 343750
702805 859375
565586 671875
294269 343750
384020 359375
676579 765625
205979 234375
251441 234375
306859 375000
192450 171875
35223 31250
538722 640625
205648 265625
196071 203125
70670 62500
23621 15625
597322 734375
704172 843750
360694 453125
458807 453125
619228 750000
331517 343750
324958 343750
492123 593750
947034 1171875
644864 765625
559964 656250
163301 140625
729752 921875
548050 640625
208631 203125
101227 93750
859174 1468750
93114 78125
882086 1390625
915533 1187500
331552 359375
643366 734375
420407 421875
740979 921875
597298 687500
620506 750000
514981 609375
899275 1140625
129794 125000
213036 187500
993837 1234375
734033 890625
139617 171875
360047 421875
754737 937500
652398 765625
566425 703125
458575 546875
99376 93750
345704 359375
469537 562500
233821 203125
163531 171875
291597 281250
646230 781250
399781 406250
847653 1046875
325522 390625
465681 500000
971118 1187500
717028 875000
534269 625000
878718 1093750
176626 187500
115956 125000
735613 890625
558356 609375
35530 31250
742757 906250
903881 1093750
110265 125000
732912 1000000
715466 843750
973034 1187500
46716 46875
619669 718750
372735 359375
131982 171875
66832 62500
242843 296875
228395 234375
840280 1015625
297595 375000
149218 140625
240866 281250
38281 31250
221337 218750
410971 390625
914327 1109375
578535 640625
674384 796875
88476 78125
438006 484375
599342 750000
38323 46875
650411 750000
170053 171875
862316 968750
811760 1062500
342684 328125
666393 718750
387576 437500
250643 218750
449331 546875
451099 562500
375656 375000
625968 656250
859169 921875
219978 203125
689471 843750
112287 93750
598957 687500
96321 93750
547915 703125
621422 750000
527013 546875
311712 375000
163985 187500
706266 750000
615816 640625
395277 468750
274600 328125
281822 296875
139985 140625
701975 718750
185984 171875
180314 171875
547613 640625
683373 718750
678638 843750
431832 468750
788941 937500
940478 1171875
433683 515625
986452 1203125
730144 906250
612769 687500
106006 93750
508602 593750
347985 390625
397309 437500
591021 656250
378668 359375
51696 31250
600172 718750
784662 968750
501881 515625
362973 421875
524548 671875
797616 1046875
756580 953125
441218 546875
258856 250000
256706 250000
398820 390625
663118 843750
280001 390625
424253 531250
400353 500000
38019 31250
948439 1359375
514157 625000
976524 1375000
284391 296875
33137 31250
817596 1375000
666401 671875
941968 1218750
372769 437500
321186 421875
597667 640625
607215 625000
546421 718750
517914 718750
58444 62500
379477 437500
668687 687500
562923 718750
702542 828125
771165 1015625
615344 703125
524072 609375
585823 750000
111726 109375
338108 406250
649135 843750
417232 515625
627128 859375
522409 609375
94270 78125
993694 1281250
264196 281250
83432 78125
755264 921875
723493 875000
116383 125000
38819 46875
621031 812500
635016 718750
905913 1156250
365700 453125
571993 609375
895208 1187500
718764 796875
789485 968750
951662 1187500
153352 140625
222667 250000
127510 171875
84313 109375
47709 62500
943067 1218750
892334 1062500
698158 843750
764356 953125
743933 875000
537193 593750
709976 937500
390421 390625
815949 937500
485544 500000
895599 1078125
71592 78125
829858 875000
922881 1203125
441601 453125
57872 46875
557168 609375
127903 140625
719318 937500
994866 1265625
476831 578125
491602 578125
512788 593750
684056 843750
185974 203125
32703 15625
94676 93750
898037 953125
946198 1171875
936046 1140625
623473 734375
946966 1031250
965756 1218750
90498 78125
92153 78125
947681 1265625
20476 31250
930498 1125000
158731 156250
713906 875000
401749 515625
623430 812500
198462 187500
345521 453125
547351 656250
246705 281250
561962 718750
809016 1031250
646805 875000
157712 171875
314735 359375
487136 484375
232620 234375
151628 140625
989161 1234375
131830 125000
430366 500000
634303 796875
518681 531250
654275 812500
570317 609375
237442 218750
383909 359375
278830 406250
485553 609375
768326 1078125
790210 1031250
159958 234375
232374 375000
935128 1140625
77007 62500
173419 156250
804401 1171875
123664 156250
279664 281250
892287 1265625
226333 265625
448942 437500
462254 562500
256071 234375
753305 890625
823526 1046875
943850 1046875
621252 796875
364719 406250
28978 31250
214078 203125
684714 750000
188603 171875
367890 453125
591998 781250
923592 1125000
107997 109375
421799 484375
630170 703125
588186 640625
550436 625000
942120 1156250
801792 1015625
354533 421875
323673 312500
644637 781250
198468 203125
801990 1062500
867850 1031250
125366 125000
909739 1328125
119640 109375
863206 1046875
476973 640625
743166 1031250
779825 1031250
250833 250000
876425 1281250
384866 484375
883263 1109375
287648 328125
77331 78125
85938 78125
595946 750000
655761 906250
185779 218750
292285 343750
891270 1125000
50873 46875
965408 1234375
145116 187500
572624 734375
36646 46875
273493 343750
761124 1218750
675268 953125
253584 234375
450130 468750
41955 31250
203157 187500
389545 421875
117090 109375
674650 812500
763407 921875
490378 578125
126702 140625
577106 703125
265331 265625
169719 171875
722680 937500
266846 281250
399603 484375
348765 421875
668841 1078125
278038 359375
624517 937500
42234 46875
221824 328125
742889 1031250
191649 250000
595122 671875
418214 531250
418520 406250
208935 218750
821180 1015625
265461 406250
640180 906250
647450 843750
901023 1234375
63052 78125
856220 1203125
637754 812500
80036 78125
925733 1171875
912865 1328125
410891 484375
675943 937500
549952 671875
586271 671875
182360 203125
520804 625000
647455 781250
749767 1203125
252259 359375
741542 906250
562436 703125
100453 78125
368572 546875
316367 437500
985041 1390625
815056 1109375
139402 187500
970465 1281250
740573 1046875
511967 796875
950922 1156250
655177 765625
511972 671875
203240 265625
749328 1171875
298721 453125
739185 937500
225957 250000
115865 109375
966940 1234375
917545 1109375
292252 421875
605141 812500
519831 515625
419863 500000
290790 343750
251867 234375
261269 312500
705876 890625
655888 687500
621022 718750
36192 31250
433574 546875
99820 93750
896390 1078125
172516 218750
918975 1109375
650146 781250
783004 921875
718932 937500
175186 203125
703979 875000
638929 687500
35650 31250
543795 546875
864708 906250
816631 1062500
351320 437500
915378 1125000
706999 1031250
689403 812500
686223 1171875
394274 593750
27441 31250
628820 828125
806835 1343750
929522 1578125
116028 140625
152464 171875
875751 1437500
239366 312500
688364 1140625
142005 187500
526022 781250
689447 937500
924767 1578125
729659 1046875
268872 281250
460321 562500
374684 453125
635041 718750
755359 906250
135761 125000
707256 812500
257364 312500
725445 812500
73329 109375
664631 734375
183019 234375
488649 593750
128582 109375
993024 1140625
531921 546875
338491 343750
414091 453125
789138 953125
297255 343750
533950 640625
750762 890625
221989 203125
108915 125000
770976 984375
26735 15625
556313 640625
470753 609375
932522 1250000
315569 296875
671084 765625
474928 484375
497533 578125
692701 781250
155133 156250
251208 234375
251938 234375
675323 828125
790508 890625
334978 328125
782848 984375
990048 1250000
906988 1125000
944236 1218750
527134 609375
278591 312500
659869 828125
741928 875000
981081 1187500
425370 421875
155439 140625
578597 703125
229449 218750
726456 875000
210808 203125
233868 281250
925312 1062500
130616 125000
286320 296875
505165 546875
50432 62500
686924 703125
572254 671875
675498 781250
320070 312500
630078 640625
985765 1187500
102694 93750
926010 1125000
935339 1171875
296658 328125
908899 1203125
499437 593750
441870 421875
176830 156250
543935 640625
620558 671875
994111 1250000
584208 750000
131071 109375
291503 296875
308674 375000
859158 1093750
430529 546875
870995 1062500
725135 921875
455301 546875
247100 234375
208266 250000
126605 125000
329620 421875
200506 187500
363667 359375
414641 406250
761285 937500
796040 953125
407247 515625
729807 937500
807530 937500
844129 1031250
884291 1078125
637411 750000
636246 734375
765339 906250
378222 406250
601976 656250
88558 78125
149960 140625
470192 578125
818853 984375
330732 343750
65348 62500
839678 1000000
460292 453125
389141 406250
480043 546875
461479 515625
229384 218750
485665 625000
301291 328125
687414 843750
42764 46875
636475 796875
980611 1281250
152030 140625
960507 1125000
660692 765625
250570 281250
249062 234375
793702 937500
636124 734375
200423 250000
206540 203125
117748 109375
539610 578125
454544 531250
298668 343750
254665 328125
337472 312500
97496 93750
289168 281250
644112 734375
349337 406250
952014 1203125
140058 125000
688630 812500
572432 640625
970557 1234375
715912 796875
824920 968750
596649 703125
581389 718750
159152 140625
973181 1046875
556769 625000
692407 812500
408233 500000
39012 46875
964869 1140625
854416 968750
650828 703125
59290 62500
511328 578125
682214 890625
418742 421875
574866 671875
560430 625000
881536 1093750
967534 1015625
628484 750000
429117 453125
697683 781250
192665 234375
432228 406250
420845 437500
480828 515625
263272 312500
262114 312500
540701 687500
790607 953125
882579 1078125
129123 109375
598794 718750
478563 531250
905757 1125000
299102 296875
263733 296875
859317 1031250
710833 875000
311843 359375
659275 781250
401858 453125
91250 78125
21883 31250
379085 390625
735088 890625
98085 78125
799544 984375
943000 1156250
88374 78125
482747 500000
643527 750000
462403 531250
421611 500000
857733 1078125
40901 46875
950502 1125000
177196 234375
858416 1203125
848687 1000000
789555 953125
355617 390625
500350 593750
773630 890625
361392 359375
808054 921875
152284 171875
648465 750000
238480 296875
270225 265625
777985 937500
761406 890625
330251 406250
254839 296875
419154 484375
99556 109375
284452 343750
535109 718750
850276 1031250
375441 390625
451301 687500
782310 937500
270233 281250
214055 234375
965653 1265625
652526 812500
586657 734375
158819 171875
584465 687500
102541 93750
987017 1250000
184363 203125
502755 609375
668232 781250
328712 359375
498537 578125
550666 656250
212530 234375
533361 609375
693289 812500
911809 1062500
401078 437500
591562 593750
621156 734375
434121 453125
951129 1125000
448212 531250
448346 515625
146024 140625
212715 234375
515375 593750
835461 984375
164835 156250
769622 953125
997823 1171875
392294 421875
375324 437500
142768 140625
726242 875000
503408 500000
189503 218750
641635 796875
432572 500000
458004 453125
554978 671875
882875 1062500
849897 1031250
315412 343750
105597 93750
882695 1015625
176697 171875
747623 812500
723096 796875
402325 453125
844264 890625
254457 250000
82120 78125
656444 671875
808448 1015625
773769 890625
968621 1218750
846507 1046875
493387 562500
572043 718750
750490 921875
964694 1171875
428257 484375
34217 31250
547208 578125
199797 187500
320272 312500
101285 93750
70939 78125
874132 906250
381931 390625
835497 875000
855464 890625
299399 281250
754867 812500
815779 875000
27439 15625
581066 640625
173243 203125
108152 93750
311800 375000
627492 687500
320153 390625
71054 62500
589313 703125
253594 234375
839486 1140625
990896 1562500
291478 359375
98709 125000
739873 1140625
109726 125000
495995 703125
562345 812500
867396 1109375
603384 890625
25433 31250
635246 921875
150202 171875
285886 343750
236038 281250
99775 140625
780086 1109375
328617 390625
432314 687500
518197 875000
87756 78125
710014 1078125
31494 46875
65894 62500
758311 1203125
321542 421875
503370 609375
468666 531250
657286 1093750
708205 1531250
33417 31250
799798 1109375
981407 1812500
599818 875000
80746 109375
61549 93750
626098 1140625
798837 1437500
630303 1046875
514902 968750
724798 1328125
656206 1218750
360979 546875
769812 984375
704301 781250
745497 1062500
639745 796875
199759 218750
620455 937500
49663 78125
731102 1093750
485027 531250
560736 578125
988861 1046875
446408 484375
545694 671875
740368 890625
531200 578125
749754 890625
227693 234375
395880 453125
195583 250000
754112 890625
663901 750000
669022 750000
364729 421875
499424 500000
618951 687500
354081 468750
736175 921875
489872 593750
872167 1078125
588577 687500
366190 406250
766120 968750
380774 406250
278975 296875
536725 687500
844879 1031250
870081 1062500
209318 187500
529732 640625
455069 546875
720433 937500
80259 78125
930757 1140625
936378 1140625
854113 1031250
789869 1156250
735195 1109375
781577 1156250
660009 1187500
