9384 0
15291 15625
14747 31250
18302 31250
11676 15625
12542 15625
18678 15625
7897 15625
14916 15625
9296 15625
11424 15625
3761 0
10891 15625
6684 0
19094 15625
8445 15625
18266 62500
8599 15625
11450 15625
11912 15625
11057 0
11171 15625
9903 0
4874 0
12062 15625
1558 0
518 0
2132 0
12856 15625
10534 15625
5897 15625
11179 15625
15304 15625
359 0
13065 15625
9157 15625
14200 15625
1321 15625
637 0
17307 15625
2446 0
16167 31250
13573 15625
8250 15625
14291 15625
4390 15625
14791 15625
10568 0
9693 15625
203 0
13914 15625
10499 15625
2079 0
16681 15625
7399 0
14880 15625
1179 0
13578 15625
1136 0
10906 15625
1107 15625
13475 15625
13516 15625
1097 0
8514 15625
9176 0
9040 15625
16779 15625
1790 0
12513 15625
10069 15625
5407 15625
1873 0
13175 15625
15508 15625
674 0
15731 15625
10065 15625
4420 15625
10116 15625
19005 31250
6136 0
16498 15625
10278 0
16692 15625
6223 0
17520 15625
5618 0
7330 0
8012 15625
5336 15625
3804 0
13199 15625
738 0
17601 15625
19202 15625
14415 15625
622 0
19573 15625
1241 0
11467 15625
18787 31250
8290 15625
11376 15625
18824 15625
17690 15625
16662 15625
14341 15625
5573 0
3057 0
5862 0
17464 15625
8696 0
1524 0
13280 15625
10858 0
3551 0
12865 31250
9330 15625
13434 15625
7001 0
7011 0
19394 31250
13647 15625
3403 0
5882 15625
15347 31250
4792 0
18141 31250
6142 15625
13475 15625
7485 15625
13876 15625
16332 15625
615 0
6138 15625
16247 15625
11629 15625
4276 15625
17661 15625
4197 0
2606 15625
409 0
19411 15625
13589 15625
5618 15625
12484 15625
7068 15625
5702 15625
484 0
3519 15625
10752 15625
8746 15625
10105 15625
2397 15625
1121 0
14754 15625
3416 0
17639 31250
12258 15625
3758 0
1592 0
2939 0
17853 31250
1852 0
16015 15625
19998 31250
10209 15625
13140 15625
14727 15625
14619 15625
19876 31250
1097 0
16579 15625
12841 15625
6547 0
19483 31250
1065 0
5994 0
10618 15625
14584 15625
5074 0
12843 15625
7156 0
388 0
9054 15625
7707 15625
6470 0
11584 0
17183 15625
16308 15625
19363 15625
18053 15625
15969 15625
16415 15625
18847 15625
15709 15625
3718 0
5644 0
10604 15625
12951 15625
17373 15625
14633 15625
8009 15625
1744 0
14505 15625
13446 15625
7985 0
3673 0
10016 15625
1591 0
19700 31250
9908 15625
2355 0
19449 15625
3294 0
11513 0
15655 15625
642 0
15095 15625
8877 0
18091 15625
216 0
19988 31250
11765 15625
11092 15625
3048 0
13271 31250
2803 0
8385 15625
8150 0
12004 15625
11494 15625
12940 15625
16096 15625
6105 0
77 0
584 0
9766 15625
14470 15625
19725 31250
17868 15625
9160 15625
3449 0
7637 15625
13116 15625
6177 0
7055 0
17388 15625
16523 15625
16645 15625
3563 15625
322 0
3086 0
6783 15625
1904 0
8896 0
5438 0
389 0
13284 15625
10084 15625
2396 0
14194 15625
7759 0
11140 15625
13449 15625
6379 15625
8656 0
8829 15625
18948 15625
11246 15625
19678 15625
12394 15625
567 0
5831 0
2743 0
4629 15625
5887 0
19731 15625
17299 15625
2711 0
58 0
17586 31250
19393 31250
3381 0
1056 0
6083 15625
1877 0
18141 15625
9345 15625
14746 15625
17886 15625
5462 0
13887 15625
19136 15625
7619 0
2888 0
14479 15625
2585 0
18754 31250
9094 15625
7983 15625
18066 15625
477 0
1204 0
9017 0
2926 0
3337 15625
12736 15625
15516 15625
6122 0
7570 0
13157 15625
18139 15625
9937 0
18830 31250
8411 15625
4480 0
14942 15625
15151 31250
5353 15625
5361 0
16886 15625
3701 0
17385 15625
19503 31250
1409 0
16170 15625
7861 15625
7342 15625
12222 15625
16216 31250
557 15625
9877 15625
12847 15625
15317 15625
3224 0
8863 15625
6444 0
8424 15625
3476 0
12437 15625
19054 31250
4929 0
4202 0
19339 31250
10717 0
10854 15625
17167 15625
7549 15625
17294 15625
11876 15625
12018 15625
4734 0
2051 0
19095 15625
18093 15625
9617 15625
19621 31250
17056 31250
18709 31250
12072 15625
12954 15625
6098 15625
6602 0
13030 31250
15792 15625
18832 31250
7776 15625
16223 15625
5532 15625
8716 15625
7192 15625
11625 15625
12965 0
8197 15625
1764 0
11477 15625
19395 31250
14270 31250
2892 0
5365 15625
86 0
6841 0
9440 0
7400 15625
3433 15625
10178 15625
8767 15625
18254 15625
14972 15625
8157 0
14428 15625
12029 15625
10356 0
12707 15625
10931 15625
15658 15625
19724 31250
16096 15625
10729 15625
17550 31250
5895 15625
19417 31250
5833 0
10479 0
10966 15625
406 0
13594 15625
17138 15625
18706 31250
14811 15625
6587 0
4433 0
1216 0
13534 15625
7267 15625
9558 15625
2563 15625
16077 15625
14096 15625
5091 15625
5112 0
3297 0
5357 15625
9311 15625
14100 15625
5526 15625
9097 0
8074 15625
14060 15625
5344 0
8345 15625
1844 0
12091 0
8703 15625
10640 0
4194 0
2476 0
15995 15625
4835 0
5481 0
94 0
3307 0
9955 15625
6054 0
10125 15625
814 0
4078 15625
18627 15625
3403 0
853 0
11554 15625
16838 15625
6059 0
5232 15625
9323 0
17602 15625
6985 0
16675 31250
17277 31250
6984 15625
13176 15625
11856 15625
12250 15625
6476 15625
5875 15625
13072 15625
17878 15625
14419 15625
2828 0
15576 15625
14673 15625
12002 15625
2415 0
4406 0
10478 0
17718 15625
16059 15625
4515 0
11169 15625
7187 0
17270 31250
6279 0
10364 15625
4106 15625
7960 15625
1508 0
9273 0
9030 15625
19025 15625
5179 15625
3685 0
1875 0
4825 0
12169 31250
16421 15625
309 0
19203 15625
10399 15625
2341 0
7407 0
718 0
7678 0
3131 0
3756 0
17715 31250
18923 31250
1993 0
7381 15625
14209 15625
11921 15625
16672 15625
10365 0
6372 15625
4334 0
1387 0
7720 15625
11917 15625
14104 15625
3055 15625
3657 0
2456 15625
10257 0
17751 15625
7219 15625
15816 15625
19852 31250
10599 15625
1506 0
12581 15625
11233 31250
17364 15625
13843 15625
4818 15625
9487 15625
19661 31250
19815 15625
6285 15625
15884 15625
8838 0
19127 31250
13531 15625
7210 15625
1578 0
1298 0
10818 15625
13785 15625
2872 15625
7171 0
16874 15625
2786 0
17648 15625
14727 15625
1757 0
18022 15625
13828 15625
19975 15625
11937 15625
4478 15625
97 0
17137 31250
5625 15625
19168 31250
16673 15625
5599 0
5111 0
16717 31250
12187 0
17029 15625
7252 0
11541 15625
6944 15625
14694 15625
7546 15625
10814 15625
7413 15625
10892 15625
18184 15625
13220 15625
16193 15625
19494 15625
10371 15625
2603 15625
6321 0
11619 15625
5532 15625
10117 15625
10113 15625
1251 0
15305 15625
15348 15625
16451 15625
17638 15625
8828 0
17532 15625
6402 0
13962 15625
4962 0
3043 0
9461 0
10169 15625
14312 15625
12892 15625
19149 31250
15522 15625
10266 0
18081 15625
14473 15625
10957 0
4076 0
9595 0
11346 15625
7884 15625
17149 15625
11284 15625
12746 15625
16577 15625
12875 15625
15318 15625
17608 15625
14660 15625
15680 15625
12550 15625
12964 15625
16051 15625
10914 15625
16165 15625
3730 0
10608 0
7246 15625
5283 15625
7863 15625
19010 15625
19985 31250
2820 0
1671 0
6749 15625
17600 15625
19355 15625
10990 15625
6602 0
11720 0
15577 15625
6702 0
11698 0
7093 15625
5627 0
11676 15625
8968 0
12872 15625
15810 15625
1168 0
11968 15625
6246 15625
3959 15625
6969 0
17078 31250
16999 15625
8924 0
1349 0
2368 0
18122 15625
6005 0
2321 15625
15562 15625
5349 15625
11898 15625
13118 15625
9980 0
153 0
12315 15625
11371 15625
5205 15625
16148 15625
8744 15625
9585 0
8720 15625
10325 15625
892 0
4850 0
16607 15625
2935 15625
16284 15625
8277 15625
10539 15625
9043 15625
5325 15625
5183 15625
17988 15625
16508 15625
6389 15625
18958 31250
2405 0
9782 15625
10861 15625
11884 15625
19138 31250
12905 15625
7204 15625
1224 0
438 0
10071 15625
1748 0
1783 0
10465 15625
6447 0
1760 0
8665 15625
4803 15625
17106 15625
2023 0
12046 15625
2403 15625
1183 0
10749 0
11110 15625
14355 15625
17564 15625
1552 0
8443 0
18251 15625
19807 15625
16628 15625
19341 15625
15025 15625
17527 15625
18332 31250
10787 0
4321 0
11448 15625
12709 0
1538 0
8700 15625
14374 15625
11101 15625
16140 15625
7036 15625
18451 15625
2882 0
332 0
14053 15625
18416 15625
13762 15625
10364 15625
19747 15625
5288 15625
14526 15625
11725 15625
19875 15625
11604 15625
3263 15625
19489 31250
15306 31250
558 0
2447 0
8134 15625
9857 15625
11296 15625
19540 31250
14218 15625
13464 15625
2875 0
2536 0
3584 0
4302 0
2582 0
11088 0
3846 0
10071 15625
524 0
18898 31250
5780 0
994 0
5319 0
19498 15625
11800 15625
13598 15625
718 0
1899 0
13172 15625
3486 0
19284 15625
16077 15625
18765 31250
1007 0
4149 15625
10317 15625
3274 0
3743 0
4508 0
3409 0
19221 31250
981 0
11362 15625
18852 15625
19751 31250
10808 15625
10268 0
17114 15625
1546 0
14499 15625
3054 15625
8312 0
13331 15625
10300 31250
19998 15625
11431 0
18900 15625
2006 0
10528 15625
15899 15625
19908 15625
1102 0
5680 15625
16026 15625
11978 0
16838 15625
13478 15625
4177 0
10687 0
14212 15625
6589 0
14247 15625
6979 15625
19924 15625
5256 15625
4117 15625
8284 0
5325 0
3398 0
9673 0
9836 15625
19348 15625
11155 0
12718 15625
14331 15625
15054 15625
13253 15625
1123 15625
12392 15625
1680 0
15419 15625
12124 0
9998 0
8725 15625
7172 0
14656 15625
15908 15625
16780 15625
5861 0
11414 0
18221 15625
12375 15625
17293 15625
3330 0
6491 15625
5530 15625
10222 15625
2045 0
13770 15625
19986 15625
15553 15625
4229 0
12037 0
17247 15625
6021 15625
2817 0
18700 15625
8215 15625
3383 0
3388 0
5026 15625
15997 15625
2269 0
18457 15625
10160 15625
15168 15625
9711 15625
7282 0
13855 15625
12206 15625
12530 15625
6425 15625
8574 15625
14228 15625
9106 0
281 0
1528 15625
3345 0
12678 15625
15567 15625
3055 0
16310 15625
17059 15625
691 0
16941 15625
17549 15625
7802 0
2221 0
14083 15625
8675 0
13123 15625
8488 0
848 0
11432 0
10473 0
14444 15625
29 0
12222 15625
13590 15625
19415 15625
1366 15625
10910 0
16874 15625
4017 0
7643 15625
5527 0
7258 0
15663 15625
10310 15625
7869 15625
16615 15625
1141 0
1134 0
10457 0
13847 15625
18330 15625
8673 0
10614 0
12885 15625
8075 15625
19073 15625
1999 0
4601 0
10694 15625
19010 31250
9613 15625
14516 15625
1682 0
2979 0
19979 15625
2792 0
2190 0
7524 15625
19949 31250
12205 15625
15396 15625
4977 0
18266 15625
2733 0
10160 0
5432 15625
7408 0
1355 0
19961 15625
1447 0
11439 0
11467 15625
5095 0
2679 15625
10489 0
7732 0
7799 0
2160 0
11583 15625
9827 15625
9644 15625
16435 15625
16907 15625
16226 15625
4602 0
9435 0
5913 15625
1402 0
19516 31250
15432 15625
18315 15625
10613 0
13688 15625
8689 0
7102 0
7793 0
1057 0
1133 0
18579 15625
5320 0
10215 15625
11328 0
11442 0
16455 15625
2612 0
1034 0
12313 15625
16522 15625
16141 15625
11594 0
15504 15625
1583 15625
791 0
117523 140625
893739 1312500
843504 1437500
946273 1593750
281067 468750
852242 1421875
957600 1578125
977116 1671875
224457 265625
658043 1093750
839373 1406250
262021 375000
619490 1015625
794471 1281250
878308 1468750
957968 1625000
897000 1484375
876542 1484375
560807 843750
471582 781250
39936 46875
109255 125000
798292 1343750
214679 343750
649982 1078125
279796 359375
809057 1359375
930987 1562500
370916 578125
150024 171875
894586 1468750
550183 906250
774622 1218750
109984 156250
191903 265625
98312 125000
63669 93750
429996 671875
58517 78125
145492 218750
860962 1406250
126092 156250
202704 296875
846590 1359375
122942 140625
863350 1375000
972963 1671875
39053 46875
579600 937500
938223 1640625
852230 1390625
589135 984375
549914 828125
575951 921875
456970 750000
194764 296875
219161 312500
91880 125000
510855 812500
408724 671875
709240 1109375
741926 1234375
732282 1187500
400167 640625
777897 1281250
978881 1593750
947958 1640625
984888 1734375
480216 734375
441250 718750
599128 968750
744779 1203125
301567 437500
500964 781250
344717 515625
350189 578125
315561 468750
439110 687500
63770 62500
328676 500000
727874 1187500
564222 890625
714892 1093750
690088 1140625
674606 1234375
604455 1093750
787157 1312500
845578 1390625
185382 281250
486380 796875
484030 781250
81690 125000
971403 1546875
990357 1640625
646438 1062500
618346 921875
352765 453125
440400 656250
608554 953125
710542 1171875
119966 187500
558703 937500
127424 156250
60821 78125
557474 906250
525539 843750
855932 1437500
432821 703125
224371 312500
482161 781250
334181 515625
617200 968750
817645 1406250
609673 1015625
142845 218750
380739 578125
771536 1296875
711151 1187500
469054 734375
712352 1140625
545125 875000
375460 593750
949261 1578125
141608 171875
862799 1437500
615583 1000000
404258 578125
344012 437500
776563 1234375
865978 1515625
221420 265625
746853 1218750
872436 1500000
455212 718750
68702 93750
255643 390625
986070 2515625
930661 1593750
753615 1171875
107318 125000
954172 1625000
80674 109375
958791 1625000
509226 796875
681496 1078125
134951 171875
222119 328125
317033 406250
294855 437500
909959 1484375
403299 640625
59741 78125
718043 1125000
398616 609375
161215 234375
929154 1515625
973098 1687500
602072 1000000
635511 1015625
601545 921875
683362 1125000
630395 1062500
940959 1531250
327292 500000
500492 812500
184970 265625
369267 531250
399790 593750
283035 359375
193827 234375
774027 1265625
789615 1312500
190036 250000
744718 1234375
232393 296875
816424 1375000
808566 1343750
499359 796875
335701 421875
609526 953125
103813 125000
73515 93750
141584 203125
206220 265625
649775 1062500
307638 484375
835500 1437500
595673 906250
781113 1312500
327026 421875
554248 906250
538711 906250
866612 1484375
245956 390625
995605 1671875
618351 953125
855529 1406250
652747 1062500
103862 140625
590262 953125
152911 187500
385446 609375
473017 718750
366703 593750
999648 1671875
612717 968750
221967 312500
926821 1562500
782835 1312500
918379 1546875
370266 578125
977574 1625000
259211 375000
580851 937500
78269 93750
391317 593750
980966 1671875
614313 1031250
308513 437500
994377 1640625
218472 296875
318005 531250
609333 843750
198306 265625
610397 1000000
860043 1328125
422308 625000
401744 703125
562683 1000000
216372 281250
307570 390625
280629 437500
739309 1031250
431080 703125
895652 1437500
55966 62500
239159 328125
459972 671875
729468 1140625
602265 968750
518949 718750
46305 46875
387902 578125
521401 953125
947007 1515625
771698 1187500
743963 1171875
836258 1296875
815800 1312500
245264 343750
354579 500000
231804 343750
599982 953125
171963 218750
415976 578125
560298 843750
767600 1265625
963352 1562500
728620 1234375
401817 625000
578929 937500
720458 1187500
693678 1234375
476438 765625
990134 1671875
622762 968750
926003 1609375
78601 78125
57976 78125
297292 437500
901019 1500000
778658 1281250
241689 343750
670168 1109375
834650 1406250
391872 640625
432956 703125
334534 421875
607594 1031250
186572 234375
821203 1375000
638844 1078125
326697 500000
308814 390625
383115 703125
159990 203125
294234 437500
120337 156250
288018 500000
308429 437500
584151 1000000
46509 62500
324380 421875
743130 1218750
697580 1046875
236388 375000
441958 750000
982752 1781250
731172 1218750
797656 1359375
967196 1671875
646405 1046875
97912 171875
988424 1921875
189459 296875
88683 109375
592923 937500
892534 1531250
961149 1765625
395342 578125
654051 1078125
595805 1000000
841712 1390625
648108 1093750
909127 1609375
877216 1578125
847115 1437500
862388 1531250
994264 1750000
43678 78125
194184 265625
943413 1687500
485247 812500
863491 1546875
436373 687500
88812 109375
521027 906250
535004 906250
985893 1718750
295683 421875
921991 1671875
305197 484375
218745 265625
829481 1406250
191649 265625
403332 687500
942662 1734375
77496 93750
54291 78125
407702 687500
183062 265625
952333 1578125
928149 1609375
674350 1125000
523930 875000
657171 1046875
359968 453125
840417 1421875
385936 656250
165523 312500
385581 500000
971590 1640625
119835 156250
52861 62500
91596 140625
647860 1031250
107158 140625
777886 1250000
839315 1390625
584843 984375
826812 1546875
341597 515625
232786 343750
734035 1343750
645968 1093750
392700 531250
584665 859375
118028 234375
236181 453125
766044 1296875
843452 1343750
986948 1671875
775741 1265625
690487 1203125
452145 703125
287675 468750
290463 546875
50487 62500
978725 1656250
473902 781250
191737 234375
573410 953125
918446 1656250
935508 1609375
97329 125000
406698 656250
721947 1343750
789004 1343750
866785 1484375
727707 1234375
744733 1125000
997126 1718750
852602 1343750
281624 453125
329148 562500
171821 265625
260360 343750
604289 984375
278670 359375
434256 562500
810313 1218750
347441 515625
843889 1312500
328824 531250
375550 718750
958304 2312500
590202 1078125
759954 1125000
792362 1515625
665107 1109375
576990 968750
513405 906250
354378 515625
53656 62500
279648 390625
752274 1515625
836324 1437500
788936 1343750
642251 1062500
316071 406250
903297 1593750
953510 1687500
953837 1593750
701231 1140625
924713 1531250
448975 718750
434078 687500
74705 109375
278598 359375
267888 406250
841977 1406250
983574 1781250
677994 1171875
871799 1421875
440150 656250
908181 1625000
650434 1078125
342098 484375
851785 1437500
424518 671875
303661 484375
354628 531250
938452 1656250
391976 562500
577828 796875
215359 312500
889735 1484375
219628 265625
853197 1406250
526956 953125
203163 359375
389814 671875
670826 1171875
156420 218750
674854 1218750
203242 343750
547631 937500
847329 1468750
855928 1500000
125938 171875
295745 562500
595767 1046875
472276 750000
931264 1625000
240859 390625
975397 2015625
945109 1609375
202619 250000
716634 1093750
803484 1265625
341106 609375
845265 1750000
473573 812500
740111 1140625
761951 1109375
83144 140625
989536 1515625
577084 828125
214635 312500
203395 312500
640370 1078125
126697 187500
277104 468750
45321 62500
799713 1328125
432665 703125
736835 1296875
49583 62500
578760 1250000
618839 1343750
448028 890625
454510 906250
972220 2171875
731824 1656250
702869 1281250
541644 937500
975109 1718750
998193 1828125
458513 781250
298920 531250
791168 1406250
325441 609375
200174 281250
987448 1859375
641001 1125000
313045 468750
286204 453125
687742 1296875
250016 281250
915716 1828125
772851 1328125
40880 46875
205935 343750
799948 1218750
626270 1031250
522340 843750
530798 859375
387452 640625
909745 1890625
272240 515625
351526 500000
162423 218750
730433 1343750
728555 1406250
576353 1015625
455018 765625
655048 1171875
759398 1843750
370463 593750
370563 640625
831961 1625000
180918 296875
215154 390625
791953 1437500
463224 921875
399326 812500
968712 1734375
249178 312500
595954 1031250
305865 390625
546920 890625
247528 390625
472239 750000
925120 1640625
529813 750000
219848 328125
570790 890625
31847 46875
771253 1296875
75862 93750
815878 1390625
801004 1234375
46177 62500
323562 421875
69800 109375
726373 1062500
682503 1109375
248964 312500
130127 187500
972989 1703125
728920 1000000
285166 437500
673962 1078125
118926 156250
565640 906250
153776 187500
44703 46875
706630 1171875
291311 406250
935361 1953125
326996 703125
729381 1625000
136215 250000
714270 1781250
107440 156250
198799 406250
766829 1625000
79507 125000
336006 703125
922457 2062500
445746 906250
549365 1187500
388343 875000
301999 640625
606019 1375000
99424 171875
814759 1687500
459654 687500
68859 78125
60311 78125
764678 1453125
795038 1359375
35347 46875
475742 718750
907240 1546875
967363 1656250
595435 937500
583323 1062500
94627 109375
423019 671875
848641 1421875
478566 796875
293010 437500
541911 843750
128484 187500
174076 218750
429126 687500
797247 1328125
913945 1500000
760760 1265625
721968 1187500
118908 140625
590972 968750
846724 1406250
186304 312500
930748 1593750
262519 375000
695559 1156250
151065 171875
494924 781250
277532 375000
882681 1484375
775128 1265625
91194 109375
811928 1390625
195315 343750
970504 1671875
564966 906250
872839 1437500
770042 1343750
576985 1062500
744225 1265625
57126 62500
588587 906250
849868 1375000
931919 1562500
91074 140625
635356 1000000
425417 656250
398589 515625
119433 140625
246454 312500
600799 937500
833851 1281250
275297 375000
280605 390625
256312 390625
275160 375000
850420 1281250
756903 1125000
932248 1562500
885495 1531250
630059 1062500
130058 187500
945760 1578125
142681 218750
816000 1375000
865321 1421875
796655 1343750
188898 234375
219417 265625
571865 953125
486817 765625
873914 1437500
790540 1343750
954096 1593750
354196 515625
641063 1031250
921487 1562500
758661 1218750
139147 203125
830511 1406250
750991 1234375
455134 734375
195292 296875
197083 328125
788253 1328125
906584 1703125
589613 1109375
180502 234375
553655 890625
674621 1140625
771268 1312500
326037 515625
37236 62500
289799 484375
417514 593750
194116 234375
104281 156250
587405 984375
346243 484375
595328 984375
948215 1593750
41971 46875
688546 1140625
429951 687500
900175 1453125
758850 1218750
720710 1140625
195329 265625
779662 1359375
950291 1593750
959132 1609375
70025 109375
591476 1015625
369373 593750
545657 859375
141286 171875
587401 968750
62743 78125
156468 187500
550596 875000
312030 390625
520487 843750
720687 1187500
100568 125000
359041 515625
533695 828125
486109 765625
820412 1375000
806521 1328125
297743 453125
569608 921875
924523 1625000
238661 328125
944662 1625000
887472 1515625
697488 1140625
959152 1593750
794110 1328125
119315 140625
142006 187500
390043 625000
418629 671875
592412 1031250
590551 953125
85909 140625
644898 1062500
186630 265625
961374 1781250
319140 484375
963172 1500000
536752 796875
662393 1093750
378211 531250
599005 937500
304864 390625
984415 1531250
890819 1375000
89284 109375
361325 593750
502203 875000
128734 203125
124861 140625
870429 1328125
291526 406250
177527 250000
778470 1171875
879095 1468750
837664 1328125
202649 281250
182215 218750
350824 468750
100810 140625
473269 765625
802092 1171875
920682 1546875
750602 1250000
942566 1593750
879114 1421875
438776 656250
918560 1484375
165756 203125
789083 1296875
603717 984375
729315 1187500
680823 1062500
401825 609375
539260 828125
811858 1312500
881231 1468750
531867 875000
429083 640625
925078 1578125
108078 140625
879529 1593750
792988 1343750
118354 140625
902742 1468750
863525 1421875
172381 265625
941593 1640625
217717 281250
840901 1390625
820493 1375000
247179 421875
628402 1015625
718665 1187500
159547 187500
775602 1265625
820338 1406250
733621 1203125
491375 734375
478051 703125
922274 1609375
568446 906250
868465 1406250
690213 1140625
227975 312500
941400 1578125
190248 234375
184828 265625
199146 265625
39540 46875
924440 1562500
975100 1593750
410258 562500
765427 1640625
881279 1718750
52290 62500
930229 1546875
814054 1328125
625643 1015625
402508 625000
896654 1453125
538808 875000
734457 1250000
342525 531250
77003 93750
104353 125000
142748 187500
528217 859375
898701 1484375
848529 1421875
590661 906250
152528 234375
533351 859375
883271 1453125
801794 1343750
851078 1453125
161553 203125
41150 46875
804108 1406250
231118 359375
848194 1406250
358342 515625
956013 1562500
222695 281250
995370 1718750
445447 609375
724825 1234375
259603 312500
127818 187500
232293 312500
665304 1062500
912763 1531250
306239 500000
383386 625000
589496 953125
861631 1421875
772560 1296875
877984 1453125
484972 765625
842861 1406250
909875 1421875
235393 312500
465593 593750
162693 234375
806677 1265625
847617 1187500
683093 1093750
362314 562500
704256 1109375
134441 203125
602119 937500
416423 671875
468430 750000
213754 296875
228609 296875
836499 1406250
323382 484375
262041 375000
780469 1265625
814676 1375000
688254 1046875
144217 187500
127188 156250
189792 250000
270259 343750
331264 468750
970922 1421875
674117 968750
951920 1359375
235488 296875
315447 421875
609386 843750
154845 187500
85760 93750
747436 1031250
491054 750000
813235 1375000
488147 750000
931787 1546875
887482 1515625
480146 765625
941051 1531250
549301 890625
993586 1984375
449480 1078125
670882 1296875
71456 93750
368702 625000
149857 281250
309714 500000
555986 906250
792328 1453125
427393 781250
693362 1375000
815415 1343750
925242 1906250
260201 546875
715866 1218750
186032 265625
179761 296875
590075 1015625
298598 625000
242298 546875
878196 1859375
527747 968750
890008 1843750
361480 609375
535872 890625
618303 1296875
41537 62500
203357 265625
378645 656250
437268 703125
238190 328125
353406 546875
239778 531250
211390 421875
269816 609375
170725 375000
651543 1781250
336083 625000
278825 500000
250283 484375
604897 1468750
574796 1562500
886185 2281250
440961 984375
369808 937500
374289 703125
455477 1078125
249728 406250
279757 453125
840445 1828125
349645 500000
501098 718750
195026 250000
590716 921875
778844 1328125
106394 140625
255672 359375
230349 343750
481196 781250
509753 937500
337673 546875
125874 156250
825570 2203125
554090 906250
883894 1484375
919018 1546875
564717 890625
879404 1468750
448945 687500
284067 453125
796153 1265625
139864 218750
562151 890625
738576 1234375
756181 1234375
36102 62500
300771 390625
518953 828125
646706 1093750
404874 656250
270079 343750
909298 1562500
169714 203125
735055 1171875
200410 296875
70251 78125
970741 1703125
436376 671875
764092 1265625
579851 1093750
915192 2218750
841577 1671875
720001 1406250
