1 0
21 0
41 0
61 0
81 0
101 0
121 0
141 0
161 0
181 0
201 0
221 0
241 0
261 0
281 0
301 0
321 0
341 0
361 0
381 0
401 0
421 0
441 15625
461 0
481 0
501 0
521 0
541 0
561 0
581 0
601 0
621 0
641 0
661 0
681 0
701 0
721 0
741 0
761 0
781 0
801 0
821 0
841 0
861 0
881 0
901 0
921 0
941 0
961 0
981 0
1001 0
1021 0
1041 0
1061 15625
1081 0
1101 0
1121 0
1141 0
1161 0
1181 0
1201 0
1221 0
1241 0
1261 0
1281 0
1301 0
1321 0
1341 0
1361 0
1381 0
1401 0
1421 0
1441 0
1461 0
1481 0
1501 0
1521 0
1541 0
1561 0
1581 0
1601 0
1621 0
1641 0
1661 15625
1681 0
1701 0
1721 15625
1741 0
1761 0
1781 0
1801 0
1821 0
1841 0
1861 0
1881 0
1901 0
1921 0
1941 0
1961 0
1981 0
2001 0
2021 0
2041 0
2061 0
2081 15625
2101 0
2121 0
2141 0
2161 0
2181 15625
2201 0
2221 0
2241 0
2261 0
2281 0
2301 0
2321 0
2341 0
2361 0
2381 0
2401 15625
2421 0
2441 0
2461 0
2481 0
2501 0
2521 0
2541 0
2561 15625
2581 0
2601 0
2621 0
2641 0
2661 0
2681 0
2701 0
2721 0
2741 0
2761 0
2781 0
2801 0
2821 0
2841 15625
2861 0
2881 0
2901 0
2921 0
2941 0
2961 0
2981 0
3001 0
3021 0
3041 0
3061 0
3081 15625
3101 0
3121 0
3141 0
3161 15625
3181 0
3201 0
3221 0
3241 0
3261 0
3281 0
3301 0
3321 0
3341 0
3361 0
3381 15625
3401 0
3421 0
3441 0
3461 0
3481 0
3501 15625
3521 15625
3541 0
3561 0
3581 0
3601 0
3621 0
3641 0
3661 0
3681 0
3701 0
3721 15625
3741 0
3761 0
3781 0
3801 0
3821 0
3841 15625
3861 0
3881 0
3901 0
3921 0
3941 0
3961 0
3981 0
4001 0
4021 0
4041 0
4061 0
4081 0
4101 15625
4121 0
4141 0
4161 0
4181 0
4201 15625
4221 15625
4241 0
4261 0
4281 0
4301 0
4321 15625
4341 15625
4361 0
4381 15625
4401 15625
4421 0
4441 15625
4461 0
4481 0
4501 0
4521 0
4541 0
4561 0
4581 0
4601 15625
4621 0
4641 0
4661 0
4681 0
4701 15625
4721 15625
4741 0
4761 0
4781 0
4801 0
4821 0
4841 15625
4861 0
4881 0
4901 0
4921 15625
4941 0
4961 156250
4981 0
5001 0
5021 15625
5041 0
5061 0
5081 0
5101 0
5121 15625
5141 0
5161 0
5181 0
5201 0
5221 0
5241 0
5261 0
5281 15625
5301 15625
5321 0
5341 15625
5361 0
5381 0
5401 0
5421 15625
5441 15625
5461 0
5481 0
5501 0
5521 0
5541 0
5561 0
5581 0
5601 0
5621 0
5641 0
5661 0
5681 15625
5701 0
5721 0
5741 15625
5761 0
5781 15625
5801 0
5821 0
5841 0
5861 0
5881 15625
5901 0
5921 0
5941 15625
5961 0
5981 0
6001 0
6021 0
6041 0
6061 0
6081 15625
6101 0
6121 15625
6141 15625
6161 0
6181 0
6201 15625
6221 0
6241 0
6261 0
6281 15625
6301 15625
6321 0
6341 0
6361 0
6381 15625
6401 15625
6421 0
6441 15625
6461 0
6481 15625
6501 0
6521 0
6541 0
6561 15625
6581 15625
6601 15625
6621 0
6641 0
6661 0
6681 0
6701 15625
6721 0
6741 0
6761 0
6781 15625
6801 0
6821 15625
6841 0
6861 15625
6881 0
6901 0
6921 0
6941 15625
6961 0
6981 15625
7001 15625
7021 0
7041 15625
7061 0
7081 0
7101 0
7121 0
7141 0
7161 0
7181 0
7201 0
7221 0
7241 0
7261 0
7281 15625
7301 0
7321 0
7341 0
7361 0
7381 0
7401 15625
7421 0
7441 15625
7461 15625
7481 0
7501 0
7521 0
7541 0
7561 0
7581 15625
7601 0
7621 0
7641 0
7661 0
7681 0
7701 15625
7721 0
7741 0
7761 0
7781 0
7801 0
7821 0
7841 0
7861 0
7881 0
7901 15625
7921 0
7941 15625
7961 0
7981 15625
8001 0
8021 0
8041 0
8061 0
8081 0
8101 15625
8121 0
8141 0
8161 0
8181 15625
8201 0
8221 15625
8241 15625
8261 0
8281 0
8301 0
8321 0
8341 0
8361 0
8381 0
8401 15625
8421 0
8441 0
8461 0
8481 0
8501 0
8521 0
8541 0
8561 0
8581 0
8601 15625
8621 15625
8641 0
8661 0
8681 0
8701 0
8721 0
8741 0
8761 0
8781 0
8801 15625
8821 15625
8841 0
8861 0
8881 0
8901 15625
8921 15625
8941 0
8961 0
8981 15625
9001 0
9021 0
9041 0
9061 0
9081 15625
9101 0
9121 0
9141 15625
9161 0
9181 15625
9201 15625
9221 0
9241 0
9261 0
9281 15625
9301 0
9321 15625
9341 0
9361 0
9381 0
9401 0
9421 0
9441 0
9461 0
9481 0
9501 0
9521 0
9541 15625
9561 15625
9581 0
9601 0
9621 15625
9641 0
9661 0
9681 15625
9701 15625
9721 0
9741 0
9761 0
9781 15625
9801 0
9821 15625
9841 0
9861 0
9881 0
9901 0
9921 0
9941 0
9961 0
9981 0
10001 0
10021 15625
10041 15625
10061 0
10081 0
10101 0
10121 0
10141 15625
10161 0
10181 15625
10201 15625
10221 15625
10241 0
10261 0
10281 0
10301 0
10321 15625
10341 0
10361 0
10381 0
10401 15625
10421 0
10441 0
10461 0
10481 0
10501 0
10521 0
10541 0
10561 0
10581 0
10601 0
10621 15625
10641 0
10661 15625
10681 0
10701 0
10721 15625
10741 0
10761 0
10781 0
10801 0
10821 0
10841 0
10861 15625
10881 0
10901 15625
10921 0
10941 15625
10961 15625
10981 0
11001 15625
11021 0
11041 0
11061 0
11081 0
11101 0
11121 15625
11141 15625
11161 0
11181 0
11201 0
11221 0
11241 0
11261 15625
11281 15625
11301 0
11321 15625
11341 15625
11361 0
11381 15625
11401 0
11421 0
11441 0
11461 15625
11481 15625
11501 15625
11521 0
11541 0
11561 0
11581 0
11601 0
11621 15625
11641 15625
11661 15625
11681 0
11701 15625
11721 0
11741 0
11761 15625
11781 0
11801 0
11821 0
11841 15625
11861 15625
11881 0
11901 0
11921 15625
11941 0
11961 0
11981 15625
12001 15625
12021 0
12041 0
12061 0
12081 0
12101 15625
12121 0
12141 0
12161 0
12181 0
12201 15625
12221 0
12241 15625
12261 0
12281 0
12301 15625
12321 15625
12341 15625
12361 0
12381 0
12401 0
12421 0
12441 0
12461 15625
12481 0
12501 15625
12521 0
12541 15625
12561 0
12581 0
12601 0
12621 15625
12641 15625
12661 0
12681 0
12701 15625
12721 15625
12741 15625
12761 15625
12781 0
12801 15625
12821 15625
12841 0
12861 0
12881 0
12901 0
12921 15625
12941 0
12961 0
12981 15625
13001 0
13021 0
13041 15625
13061 0
13081 0
13101 15625
13121 0
13141 15625
13161 15625
13181 15625
13201 15625
13221 15625
13241 15625
13261 15625
13281 0
13301 15625
13321 0
13341 0
13361 0
13381 15625
13401 15625
13421 0
13441 15625
13461 0
13481 15625
13501 0
13521 15625
13541 0
13561 0
13581 0
13601 0
13621 0
13641 15625
13661 0
13681 15625
13701 15625
13721 15625
13741 0
13761 15625
13781 15625
13801 15625
13821 15625
13841 0
13861 15625
13881 15625
13901 15625
13921 0
13941 0
13961 15625
13981 0
14001 15625
14021 0
14041 15625
14061 0
14081 0
14101 15625
14121 15625
14141 15625
14161 0
14181 15625
14201 0
14221 15625
14241 15625
14261 15625
14281 15625
14301 15625
14321 15625
14341 0
14361 15625
14381 15625
14401 15625
14421 0
14441 0
14461 15625
14481 15625
14501 15625
14521 0
14541 0
14561 0
14581 15625
14601 15625
14621 0
14641 0
14661 15625
14681 15625
14701 0
14721 0
14741 15625
14761 0
14781 0
14801 0
14821 0
14841 15625
14861 15625
14881 0
14901 15625
14921 31250
14941 15625
14961 0
14981 15625
15001 15625
15021 15625
15041 15625
15061 15625
15081 15625
15101 0
15121 0
15141 0
15161 15625
15181 15625
15201 15625
15221 15625
15241 15625
15261 15625
15281 15625
15301 0
15321 15625
15341 15625
15361 0
15381 0
15401 15625
15421 0
15441 0
15461 0
15481 0
15501 0
15521 15625
15541 15625
15561 15625
15581 0
15601 0
15621 0
15641 0
15661 0
15681 15625
15701 15625
15721 15625
15741 15625
15761 15625
15781 0
15801 0
15821 0
15841 0
15861 15625
15881 0
15901 0
15921 15625
15941 0
15961 15625
15981 15625
16001 0
16021 0
16041 15625
16061 15625
16081 15625
16101 15625
16121 15625
16141 0
16161 15625
16181 15625
16201 15625
16221 0
16241 0
16261 15625
16281 15625
16301 15625
16321 15625
16341 15625
16361 15625
16381 0
16401 15625
16421 15625
16441 15625
16461 15625
16481 15625
16501 0
16521 15625
16541 0
16561 15625
16581 15625
16601 15625
16621 15625
16641 15625
16661 15625
16681 0
16701 15625
16721 15625
16741 0
16761 31250
16781 15625
16801 0
16821 15625
16841 0
16861 0
16881 15625
16901 15625
16921 0
16941 0
16961 15625
16981 15625
17001 15625
17021 0
17041 0
17061 0
17081 0
17101 0
17121 0
17141 15625
17161 0
17181 0
17201 0
17221 0
17241 15625
17261 0
17281 0
17301 15625
17321 0
17341 0
17361 15625
17381 15625
17401 15625
17421 15625
17441 15625
17461 0
17481 0
17501 15625
17521 15625
17541 15625
17561 0
17581 15625
17601 15625
17621 15625
17641 15625
17661 15625
17681 15625
17701 0
17721 15625
17741 0
17761 15625
17781 0
17801 15625
17821 15625
17841 15625
17861 15625
17881 15625
17901 15625
17921 15625
17941 15625
17961 0
17981 15625
18001 0
18021 0
18041 0
18061 0
18081 0
18101 15625
18121 15625
18141 15625
18161 15625
18181 15625
18201 15625
18221 15625
18241 0
18261 15625
18281 0
18301 15625
18321 0
18341 0
18361 15625
18381 15625
18401 15625
18421 15625
18441 15625
18461 15625
18481 0
18501 15625
18521 15625
18541 15625
18561 15625
18581 0
18601 15625
18621 15625
18641 15625
18661 0
18681 15625
18701 0
18721 0
18741 15625
18761 0
18781 15625
18801 15625
18821 0
18841 15625
18861 15625
18881 0
18901 0
18921 0
18941 15625
18961 15625
18981 15625
19001 15625
19021 15625
19041 15625
19061 15625
19081 15625
19101 15625
19121 15625
19141 15625
19161 15625
19181 0
19201 15625
19221 15625
19241 15625
19261 0
19281 15625
19301 15625
19321 0
19341 0
19361 0
19381 15625
19401 31250
19421 0
19441 15625
19461 15625
19481 15625
19501 15625
19521 15625
19541 0
19561 15625
19581 0
19601 15625
19621 15625
19641 15625
19661 15625
19681 0
19701 15625
19721 15625
19741 0
19761 15625
19781 15625
19801 0
19821 0
19841 15625
19861 15625
19881 15625
19901 15625
19921 15625
19941 15625
19961 15625
19981 15625
20001 15625
20002 15625
20902 15625
21802 15625
22702 15625
23602 15625
24502 15625
25402 15625
26302 15625
27202 15625
28102 15625
29002 15625
29902 15625
30802 15625
31702 15625
32602 15625
33502 15625
34402 15625
35302 31250
36202 15625
37102 15625
38002 31250
38902 15625
39802 31250
40702 31250
41602 15625
42502 31250
43402 31250
44302 15625
45202 31250
46102 31250
47002 31250
47902 15625
48802 46875
49702 31250
50602 31250
51502 31250
52402 31250
53302 31250
54202 46875
55102 31250
56002 31250
56902 31250
57802 31250
58702 31250
59602 31250
60502 62500
61402 31250
62302 31250
63202 46875
64102 46875
65002 46875
65902 46875
66802 46875
67702 46875
68602 46875
69502 46875
70402 46875
71302 31250
72202 46875
73102 46875
74002 46875
74902 46875
75802 46875
76702 46875
77602 46875
78502 62500
79402 46875
80302 46875
81202 46875
82102 46875
83002 46875
83902 46875
84802 46875
85702 46875
86602 62500
87502 46875
88402 46875
89302 46875
90202 62500
91102 46875
92002 78125
92902 62500
93802 62500
94702 62500
95602 62500
96502 62500
97402 62500
98302 78125
99202 62500
100102 62500
101002 93750
101902 62500
102802 78125
103702 62500
104602 93750
105502 93750
106402 78125
107302 78125
108202 62500
109102 78125
110002 78125
110902 62500
111802 93750
112702 62500
113602 62500
114502 125000
115402 78125
116302 93750
117202 62500
118102 78125
119002 93750
119902 62500
120802 109375
121702 78125
122602 78125
123502 62500
124402 93750
125302 93750
126202 78125
127102 78125
128002 93750
128902 78125
129802 78125
130702 93750
131602 78125
132502 93750
133402 109375
134302 93750
135202 78125
136102 93750
137002 78125
137902 78125
138802 78125
139702 109375
140602 93750
141502 93750
142402 93750
143302 93750
144202 93750
145102 93750
146002 93750
146902 93750
147802 78125
148702 93750
149602 93750
150502 93750
151402 93750
152302 93750
153202 93750
154102 93750
155002 125000
155902 93750
156802 93750
157702 93750
158602 140625
159502 109375
160402 140625
161302 93750
162202 93750
163102 109375
164002 109375
164902 125000
165802 109375
166702 140625
167602 109375
168502 109375
169402 109375
170302 125000
171202 109375
172102 109375
173002 109375
173902 140625
174802 140625
175702 109375
176602 109375
177502 156250
178402 109375
179302 109375
180202 171875
181102 125000
182002 156250
182902 109375
183802 125000
184702 156250
185602 109375
186502 109375
187402 109375
188302 109375
189202 125000
190102 156250
191002 125000
191902 125000
192802 125000
193702 140625
194602 109375
195502 171875
196402 125000
197302 125000
198202 125000
199102 140625
200002 109375
200902 156250
201802 125000
202702 125000
203602 125000
204502 140625
205402 171875
206302 156250
207202 156250
208102 140625
209002 140625
209902 156250
210802 156250
211702 140625
212602 125000
213502 125000
214402 140625
215302 125000
216202 140625
217102 140625
218002 203125
218902 125000
219802 140625
220702 156250
221602 140625
222502 140625
223402 171875
224302 140625
225202 140625
226102 156250
227002 156250
227902 140625
228802 140625
229702 187500
230602 140625
231502 156250
232402 171875
233302 156250
234202 171875
235102 156250
236002 156250
236902 156250
237802 140625
238702 140625
239602 171875
240502 187500
241402 140625
242302 156250
243202 171875
244102 140625
245002 171875
245902 156250
246802 171875
247702 203125
248602 156250
249502 218750
250402 156250
251302 156250
252202 171875
253102 156250
254002 234375
254902 218750
255802 218750
256702 171875
257602 203125
258502 171875
259402 171875
260302 187500
261202 218750
262102 187500
263002 171875
263902 171875
264802 171875
265702 171875
266602 203125
267502 171875
268402 171875
269302 171875
270202 187500
271102 218750
272002 218750
272902 234375
273802 171875
274702 234375
275602 187500
276502 203125
277402 187500
278302 187500
279202 203125
280102 187500
281002 187500
281902 234375
282802 187500
283702 203125
284602 218750
285502 187500
286402 187500
287302 203125
288202 265625
289102 187500
290002 234375
290902 218750
291802 234375
292702 187500
293602 234375
294502 234375
295402 187500
296302 250000
297202 250000
298102 234375
299002 203125
299902 250000
300802 250000
301702 203125
302602 187500
303502 250000
304402 265625
305302 218750
306202 218750
307102 218750
308002 234375
308902 281250
309802 203125
310702 203125
311602 203125
312502 234375
313402 265625
314302 218750
315202 187500
316102 203125
317002 203125
317902 203125
318802 218750
319702 234375
320602 312500
321502 250000
322402 250000
323302 218750
324202 218750
325102 203125
326002 203125
326902 218750
327802 203125
328702 265625
329602 250000
330502 250000
331402 218750
332302 250000
333202 250000
334102 234375
335002 265625
335902 234375
336802 281250
337702 265625
338602 234375
339502 203125
340402 250000
341302 218750
342202 218750
343102 328125
344002 234375
344902 250000
345802 250000
346702 218750
347602 234375
348502 234375
349402 218750
350302 296875
351202 265625
352102 234375
353002 234375
353902 234375
354802 250000
355702 218750
356602 234375
357502 218750
358402 265625
359302 234375
360202 218750
361102 234375
362002 281250
362902 265625
363802 234375
364702 281250
365602 296875
366502 234375
367402 218750
368302 312500
369202 234375
370102 265625
371002 281250
371902 296875
372802 234375
373702 234375
374602 234375
375502 234375
376402 312500
377302 265625
378202 328125
379102 250000
380002 328125
380902 312500
381802 234375
382702 250000
383602 250000
384502 250000
385402 250000
386302 312500
387202 359375
388102 250000
389002 296875
389902 312500
390802 328125
391702 265625
392602 312500
393502 296875
394402 296875
395302 250000
396202 296875
397102 312500
398002 265625
398902 343750
399802 250000
400702 265625
401602 265625
402502 281250
403402 250000
404302 265625
405202 296875
406102 265625
407002 265625
407902 265625
408802 328125
409702 296875
410602 312500
411502 328125
412402 343750
413302 328125
414202 265625
415102 312500
416002 375000
416902 265625
417802 328125
418702 343750
419602 296875
420502 265625
421402 281250
422302 281250
423202 281250
424102 296875
425002 281250
425902 265625
426802 359375
427702 359375
428602 281250
429502 281250
430402 281250
431302 265625
432202 328125
433102 281250
434002 281250
434902 281250
435802 343750
436702 312500
437602 296875
438502 281250
439402 328125
440302 296875
441202 296875
442102 343750
443002 296875
443902 296875
444802 343750
445702 281250
446602 281250
447502 296875
448402 359375
449302 312500
450202 375000
451102 359375
452002 343750
452902 296875
453802 375000
454702 343750
455602 343750
456502 281250
457402 328125
458302 296875
459202 343750
460102 296875
461002 296875
461902 343750
462802 296875
463702 312500
464602 343750
465502 406250
466402 390625
467302 296875
468202 375000
469102 359375
470002 390625
470902 343750
471802 296875
472702 390625
473602 343750
474502 312500
475402 312500
476302 343750
477202 390625
478102 406250
479002 343750
479902 312500
480802 343750
481702 312500
482602 406250
483502 312500
484402 343750
485302 343750
486202 328125
487102 359375
488002 359375
488902 421875
489802 328125
490702 343750
491602 312500
492502 343750
493402 328125
494302 328125
495202 406250
496102 328125
497002 312500
497902 390625
498802 406250
499702 312500
500602 390625
501502 437500
502402 421875
503302 406250
504202 343750
505102 359375
506002 328125
506902 406250
507802 390625
508702 390625
509602 343750
510502 328125
511402 359375
512302 390625
513202 375000
514102 328125
515002 437500
515902 390625
516802 328125
517702 390625
518602 359375
519502 343750
520402 375000
521302 328125
522202 343750
523102 343750
524002 343750
524902 421875
525802 406250
526702 421875
527602 406250
528502 359375
529402 359375
530302 343750
531202 437500
532102 359375
533002 375000
533902 359375
534802 359375
535702 359375
536602 375000
537502 437500
538402 390625
539302 421875
540202 421875
541102 375000
542002 468750
542902 421875
543802 406250
544702 453125
545602 406250
546502 421875
547402 421875
548302 375000
549202 390625
550102 375000
551002 421875
551902 359375
552802 468750
553702 375000
554602 421875
555502 375000
556402 375000
557302 421875
558202 437500
559102 437500
560002 453125
560902 484375
561802 500000
562702 437500
563602 500000
564502 375000
565402 500000
566302 390625
567202 375000
568102 390625
569002 437500
569902 500000
570802 421875
571702 484375
572602 375000
573502 375000
574402 421875
575302 390625
576202 500000
577102 390625
578002 406250
578902 390625
579802 390625
580702 468750
581602 375000
582502 500000
583402 468750
584302 453125
585202 390625
586102 390625
587002 484375
587902 390625
588802 390625
589702 390625
590602 593750
591502 406250
592402 484375
593302 406250
594202 406250
595102 406250
596002 390625
596902 421875
597802 406250
598702 406250
599602 406250
600502 406250
601402 500000
602302 421875
603202 515625
604102 546875
605002 531250
605902 531250
606802 468750
607702 515625
608602 406250
609502 500000
610402 406250
611302 484375
612202 406250
613102 406250
614002 406250
614902 406250
615802 515625
616702 531250
617602 531250
618502 484375
619402 421875
620302 468750
621202 421875
622102 406250
623002 453125
623902 500000
624802 515625
625702 453125
626602 453125
627502 406250
628402 406250
629302 421875
630202 484375
631102 421875
632002 484375
632902 453125
633802 515625
634702 421875
635602 500000
636502 546875
637402 421875
638302 421875
639202 515625
640102 578125
641002 562500
641902 562500
642802 546875
643702 484375
644602 531250
645502 531250
646402 421875
647302 453125
648202 484375
649102 562500
650002 515625
650902 437500
651802 531250
652702 437500
653602 500000
654502 437500
655402 531250
656302 515625
657202 546875
658102 437500
659002 515625
659902 531250
660802 531250
661702 515625
662602 437500
663502 562500
664402 468750
665302 531250
666202 546875
667102 562500
668002 437500
668902 562500
669802 453125
670702 562500
671602 578125
672502 578125
673402 437500
674302 546875
675202 453125
676102 500000
677002 562500
677902 531250
678802 500000
679702 468750
680602 562500
681502 531250
682402 531250
683302 453125
684202 531250
685102 453125
686002 531250
686902 593750
687802 578125
688702 453125
689602 546875
690502 500000
691402 578125
692302 578125
693202 578125
694102 453125
695002 593750
695902 578125
696802 484375
697702 562500
698602 578125
699502 468750
700402 562500
701302 593750
702202 593750
703102 468750
704002 609375
704902 468750
705802 562500
706702 562500
707602 500000
708502 562500
709402 500000
710302 609375
711202 515625
712102 531250
713002 578125
713902 562500
714802 484375
715702 640625
716602 484375
717502 484375
718402 593750
719302 640625
720202 500000
721102 625000
722002 625000
722902 546875
723802 578125
724702 625000
725602 531250
726502 593750
727402 562500
728302 609375
729202 562500
730102 593750
731002 656250
731902 578125
732802 625000
733702 515625
734602 593750
735502 531250
736402 609375
737302 484375
738202 515625
739102 484375
740002 593750
740902 640625
741802 578125
742702 562500
743602 578125
744502 515625
745402 656250
746302 484375
747202 515625
748102 578125
749002 625000
749902 625000
750802 687500
751702 609375
752602 515625
753502 609375
754402 609375
755302 625000
756202 625000
757102 625000
758002 640625
758902 609375
759802 500000
760702 593750
761602 640625
762502 687500
763402 640625
764302 625000
765202 593750
766102 500000
767002 593750
767902 593750
768802 578125
769702 578125
770602 609375
771502 546875
772402 640625
773302 656250
774202 578125
775102 687500
776002 687500
776902 515625
777802 593750
778702 609375
779602 640625
780502 687500
781402 656250
782302 656250
783202 625000
784102 687500
785002 531250
785902 609375
786802 640625
787702 531250
788602 671875
789502 640625
790402 625000
791302 609375
792202 578125
793102 625000
794002 625000
794902 578125
795802 593750
796702 625000
797602 687500
798502 625000
799402 640625
800302 640625
801202 578125
802102 703125
803002 609375
803902 656250
804802 640625
805702 640625
806602 687500
807502 671875
808402 625000
809302 656250
810202 640625
811102 656250
812002 687500
812902 609375
813802 671875
814702 703125
815602 593750
816502 718750
817402 640625
818302 609375
819202 671875
820102 703125
821002 625000
821902 671875
822802 593750
823702 562500
824602 671875
825502 640625
826402 671875
827302 546875
828202 718750
829102 703125
830002 578125
830902 703125
831802 671875
832702 703125
833602 546875
834502 656250
835402 734375
836302 578125
837202 703125
838102 687500
839002 671875
839902 562500
840802 750000
841702 640625
842602 656250
843502 671875
844402 718750
845302 656250
846202 687500
847102 734375
848002 671875
848902 718750
849802 578125
850702 578125
851602 687500
852502 734375
853402 609375
854302 640625
855202 718750
856102 578125
857002 671875
857902 718750
858802 609375
859702 718750
860602 671875
861502 781250
862402 609375
863302 687500
864202 687500
865102 718750
866002 718750
866902 687500
867802 687500
868702 718750
869602 750000
870502 687500
871402 703125
872302 703125
873202 687500
874102 671875
875002 750000
875902 718750
876802 718750
877702 765625
878602 765625
879502 734375
880402 671875
881302 656250
882202 703125
883102 703125
884002 703125
884902 750000
885802 703125
886702 609375
887602 765625
888502 765625
889402 703125
890302 1093750
891202 750000
892102 656250
893002 703125
893902 734375
894802 765625
895702 765625
896602 765625
897502 656250
898402 656250
899302 734375
900202 703125
901102 796875
902002 812500
902902 687500
903802 703125
904702 734375
905602 687500
906502 750000
907402 796875
908302 750000
909202 718750
910102 734375
911002 671875
911902 703125
912802 703125
913702 781250
914602 781250
915502 671875
916402 781250
917302 796875
918202 781250
919102 750000
920002 781250
920902 718750
921802 781250
922702 812500
923602 781250
924502 781250
925402 687500
926302 796875
927202 750000
928102 781250
929002 750000
929902 671875
930802 812500
931702 718750
932602 640625
933502 671875
934402 703125
935302 671875
936202 812500
937102 796875
938002 703125
938902 796875
939802 812500
940702 750000
941602 687500
942502 796875
943402 656250
944302 812500
945202 1000000
946102 1015625
947002 1046875
947902 984375
948802 781250
949702 781250
950602 843750
951502 796875
952402 656250
953302 828125
954202 859375
955102 765625
956002 750000
956902 687500
957802 968750
958702 765625
959602 765625
960502 640625
961402 656250
962302 781250
963202 812500
964102 828125
965002 828125
965902 781250
966802 812500
967702 765625
968602 812500
969502 796875
970402 812500
971302 796875
972202 781250
973102 734375
974002 859375
974902 812500
975802 828125
976702 765625
977602 750000
978502 781250
979402 828125
980302 859375
981202 828125
982102 781250
983002 718750
983902 703125
984802 718750
985702 734375
986602 906250
987502 750000
988402 796875
989302 843750
990202 765625
991102 812500
992002 875000
992902 781250
993802 734375
994702 734375
995602 843750
996502 812500
997402 859375
998302 828125
999202 828125
1000102 812500
