9384 15625
15291 15625
14747 0
18302 15625
11676 15625
12542 0
18678 15625
7897 0
14916 15625
9296 0
11424 0
3761 0
10891 15625
6684 15625
19094 15625
8445 0
18266 15625
8599 0
11450 0
11912 15625
11057 0
11171 15625
9903 15625
4874 0
12062 15625
1558 0
518 0
2132 0
12856 15625
10534 15625
5897 0
11179 15625
15304 15625
359 0
13065 15625
9157 15625
14200 15625
1321 0
637 0
17307 15625
2446 0
16167 15625
13573 15625
8250 15625
14291 15625
4390 15625
14791 0
10568 15625
9693 0
203 0
13914 0
10499 0
2079 0
16681 15625
7399 0
14880 15625
1179 0
13578 15625
1136 0
10906 15625
1107 0
13475 15625
13516 15625
1097 0
8514 0
9176 15625
9040 15625
16779 15625
1790 15625
12513 15625
10069 0
5407 0
1873 0
13175 15625
15508 15625
674 0
15731 15625
10065 0
4420 15625
10116 0
19005 15625
6136 0
16498 15625
10278 0
16692 15625
6223 0
17520 15625
5618 0
7330 15625
8012 15625
5336 0
3804 0
13199 0
738 0
17601 15625
19202 15625
14415 0
622 0
19573 15625
1241 0
11467 15625
18787 15625
8290 15625
11376 0
18824 15625
17690 15625
16662 15625
14341 15625
5573 0
3057 0
5862 0
17464 15625
8696 15625
1524 0
13280 15625
10858 15625
3551 15625
12865 15625
9330 15625
13434 15625
7001 0
7011 15625
19394 15625
13647 15625
3403 0
5882 0
15347 15625
4792 0
18141 15625
6142 0
13475 15625
7485 15625
13876 15625
16332 15625
615 0
6138 0
16247 0
11629 15625
4276 0
17661 15625
4197 0
2606 0
409 0
19411 0
13589 15625
5618 15625
12484 0
7068 15625
5702 0
484 0
3519 0
10752 15625
8746 0
10105 0
2397 0
1121 0
14754 15625
3416 15625
17639 15625
12258 31250
3758 0
1592 0
2939 0
17853 15625
1852 0
16015 15625
19998 15625
10209 0
13140 15625
14727 15625
14619 0
19876 15625
1097 0
16579 15625
12841 15625
6547 0
19483 15625
1065 0
5994 0
10618 0
14584 15625
5074 0
12843 0
7156 0
388 0
9054 0
7707 0
6470 0
11584 15625
17183 15625
16308 15625
19363 15625
18053 15625
15969 15625
16415 15625
18847 15625
15709 15625
3718 0
5644 0
10604 15625
12951 0
17373 15625
14633 15625
8009 0
1744 0
14505 15625
13446 15625
7985 0
3673 15625
10016 0
1591 0
19700 15625
9908 15625
2355 0
19449 15625
3294 0
11513 0
15655 0
642 0
15095 15625
8877 15625
18091 15625
216 0
19988 15625
11765 15625
11092 15625
3048 0
13271 15625
2803 0
8385 0
8150 0
12004 0
11494 0
12940 15625
16096 15625
6105 0
77 0
584 0
9766 0
14470 15625
19725 15625
17868 15625
9160 15625
3449 0
7637 15625
13116 0
6177 15625
7055 0
17388 15625
16523 15625
16645 15625
3563 0
322 0
3086 0
6783 0
1904 0
8896 0
5438 15625
389 0
13284 15625
10084 0
2396 0
14194 15625
7759 0
11140 15625
13449 15625
6379 0
8656 0
8829 15625
18948 0
11246 0
19678 15625
12394 15625
567 0
5831 0
2743 0
4629 15625
5887 0
19731 15625
17299 15625
2711 0
58 0
17586 15625
19393 15625
3381 0
1056 0
6083 0
1877 0
18141 15625
9345 0
14746 15625
17886 0
5462 0
13887 15625
19136 15625
7619 15625
2888 0
14479 15625
2585 0
18754 15625
9094 15625
7983 0
18066 15625
477 0
1204 0
9017 0
2926 0
3337 0
12736 0
15516 15625
6122 0
7570 15625
13157 0
18139 15625
9937 15625
18830 15625
8411 0
4480 0
14942 0
15151 15625
5353 15625
5361 15625
16886 15625
3701 15625
17385 15625
19503 15625
1409 0
16170 0
7861 0
7342 0
12222 15625
16216 0
557 0
9877 15625
12847 15625
15317 0
3224 0
8863 0
6444 0
8424 0
3476 0
12437 15625
19054 15625
4929 0
4202 0
19339 15625
10717 15625
10854 15625
17167 15625
7549 15625
17294 15625
11876 0
12018 15625
4734 0
2051 0
19095 15625
18093 0
9617 0
19621 15625
17056 15625
18709 0
12072 15625
12954 15625
6098 0
6602 0
13030 15625
15792 15625
18832 15625
7776 0
16223 15625
5532 0
8716 0
7192 0
11625 0
12965 0
8197 0
1764 0
11477 15625
19395 0
14270 15625
2892 0
5365 0
86 0
6841 15625
9440 0
7400 0
3433 0
10178 15625
8767 0
18254 15625
14972 15625
8157 0
14428 15625
12029 15625
10356 0
12707 0
10931 0
15658 15625
19724 15625
16096 15625
10729 15625
17550 15625
5895 0
19417 15625
5833 0
10479 0
10966 15625
406 0
13594 0
17138 15625
18706 15625
14811 15625
6587 0
4433 0
1216 0
13534 15625
7267 15625
9558 15625
2563 0
16077 15625
14096 15625
5091 0
5112 0
3297 0
5357 15625
9311 15625
14100 15625
5526 0
9097 0
8074 0
14060 15625
5344 0
8345 15625
1844 0
12091 0
8703 15625
10640 15625
4194 15625
2476 0
15995 15625
4835 15625
5481 0
94 0
3307 0
9955 0
6054 0
10125 15625
814 0
4078 15625
18627 15625
3403 0
853 0
11554 15625
16838 15625
6059 0
5232 0
9323 15625
17602 0
6985 15625
16675 15625
17277 15625
6984 15625
13176 15625
11856 0
12250 0
6476 15625
5875 0
13072 15625
17878 15625
14419 15625
2828 0
15576 0
14673 0
12002 15625
2415 15625
4406 0
10478 15625
17718 15625
16059 15625
4515 0
11169 15625
7187 0
17270 15625
6279 15625
10364 15625
4106 0
7960 15625
1508 0
9273 0
9030 15625
19025 31250
5179 0
3685 0
1875 0
4825 0
12169 0
16421 15625
309 0
19203 15625
10399 15625
2341 0
7407 0
718 0
7678 0
3131 0
3756 0
17715 31250
18923 15625
1993 0
7381 0
14209 0
11921 15625
16672 31250
10365 15625
6372 15625
4334 0
1387 0
7720 0
11917 15625
14104 0
3055 0
3657 0
2456 0
10257 15625
17751 15625
7219 15625
15816 0
19852 15625
10599 0
1506 0
12581 15625
11233 0
17364 15625
13843 15625
4818 15625
9487 0
19661 0
19815 15625
6285 0
15884 0
8838 15625
19127 31250
13531 15625
7210 15625
1578 0
1298 0
10818 0
13785 15625
2872 0
7171 0
16874 15625
2786 0
17648 15625
14727 15625
1757 0
18022 15625
13828 0
19975 15625
11937 0
4478 0
97 0
17137 15625
5625 0
19168 0
16673 15625
5599 15625
5111 0
16717 15625
12187 0
17029 15625
7252 0
11541 0
6944 15625
14694 15625
7546 0
10814 0
7413 0
10892 0
18184 15625
13220 0
16193 15625
19494 0
10371 0
2603 0
6321 15625
11619 0
5532 0
10117 0
10113 0
1251 0
15305 15625
15348 15625
16451 15625
17638 15625
8828 0
17532 31250
6402 15625
13962 15625
4962 15625
3043 0
9461 0
10169 0
14312 0
12892 0
19149 15625
15522 0
10266 15625
18081 15625
14473 15625
10957 15625
4076 15625
9595 0
11346 0
7884 15625
17149 15625
11284 15625
12746 15625
16577 15625
12875 15625
15318 15625
17608 15625
14660 15625
15680 15625
12550 15625
12964 15625
16051 15625
10914 0
16165 15625
3730 0
10608 0
7246 15625
5283 0
7863 15625
19010 0
19985 15625
2820 0
1671 0
6749 0
17600 15625
19355 15625
10990 0
6602 0
11720 15625
15577 15625
6702 0
11698 0
7093 0
5627 15625
11676 15625
8968 0
12872 0
15810 0
1168 0
11968 0
6246 0
3959 0
6969 0
17078 0
16999 15625
8924 15625
1349 0
2368 0
18122 15625
6005 0
2321 0
15562 15625
5349 15625
11898 15625
13118 15625
9980 15625
153 0
12315 15625
11371 15625
5205 0
16148 15625
8744 0
9585 15625
8720 0
10325 0
892 0
4850 15625
16607 15625
2935 0
16284 15625
8277 0
10539 15625
9043 0
5325 0
5183 0
17988 15625
16508 0
6389 0
18958 15625
2405 15625
9782 15625
10861 0
11884 0
19138 15625
12905 15625
7204 0
1224 0
438 0
10071 0
1748 0
1783 0
10465 15625
6447 0
1760 0
8665 0
4803 0
17106 15625
2023 0
12046 15625
2403 0
1183 0
10749 0
11110 15625
14355 15625
17564 0
1552 0
8443 15625
18251 15625
19807 15625
16628 0
19341 15625
15025 15625
17527 0
18332 15625
10787 15625
4321 0
11448 0
12709 15625
1538 0
8700 0
14374 0
11101 15625
16140 0
7036 0
18451 15625
2882 15625
332 0
14053 0
18416 15625
13762 0
10364 0
19747 15625
5288 0
14526 0
11725 15625
19875 15625
11604 0
3263 0
19489 31250
15306 0
558 0
2447 0
8134 0
9857 15625
11296 0
19540 15625
14218 15625
13464 15625
2875 0
2536 15625
3584 15625
4302 0
2582 0
11088 0
3846 0
10071 0
524 0
18898 15625
5780 0
994 0
5319 0
19498 15625
11800 15625
13598 15625
718 0
1899 0
13172 15625
3486 0
19284 15625
16077 0
18765 0
1007 0
4149 0
10317 15625
3274 0
3743 15625
4508 0
3409 0
19221 15625
981 0
11362 15625
18852 0
19751 0
10808 15625
10268 15625
17114 15625
1546 0
14499 15625
3054 0
8312 0
13331 15625
10300 15625
19998 0
11431 15625
18900 0
2006 15625
10528 15625
15899 15625
19908 15625
1102 0
5680 0
16026 15625
11978 0
16838 15625
13478 15625
4177 0
10687 0
14212 15625
6589 15625
14247 15625
6979 15625
19924 15625
5256 0
4117 15625
8284 15625
5325 0
3398 0
9673 0
9836 0
19348 15625
11155 0
12718 0
14331 15625
15054 0
13253 0
1123 0
12392 0
1680 0
15419 0
12124 0
9998 0
8725 15625
7172 0
14656 0
15908 0
16780 15625
5861 0
11414 15625
18221 0
12375 15625
17293 15625
3330 0
6491 0
5530 0
10222 15625
2045 0
13770 15625
19986 0
15553 0
4229 0
12037 0
17247 0
6021 0
2817 0
18700 15625
8215 0
3383 0
3388 0
5026 0
15997 15625
2269 0
18457 0
10160 15625
15168 15625
9711 0
7282 15625
13855 15625
12206 15625
12530 0
6425 0
8574 0
14228 15625
9106 0
281 0
1528 0
3345 0
12678 15625
15567 0
3055 15625
16310 15625
17059 0
691 0
16941 15625
17549 0
7802 0
2221 0
14083 15625
8675 15625
13123 15625
8488 0
848 0
11432 15625
10473 0
14444 15625
29 0
12222 15625
13590 15625
19415 0
1366 0
10910 0
16874 0
4017 0
7643 0
5527 15625
7258 15625
15663 15625
10310 15625
7869 15625
16615 15625
1141 0
1134 0
10457 15625
13847 15625
18330 15625
8673 0
10614 0
12885 0
8075 0
19073 0
1999 0
4601 0
10694 15625
19010 15625
9613 0
14516 15625
1682 15625
2979 15625
19979 0
2792 0
2190 0
7524 15625
19949 0
12205 15625
15396 15625
4977 0
18266 0
2733 15625
10160 0
5432 15625
7408 15625
1355 0
19961 15625
1447 0
11439 15625
11467 15625
5095 15625
2679 15625
10489 0
7732 0
7799 0
2160 0
11583 0
9827 0
9644 0
16435 15625
16907 0
16226 15625
4602 0
9435 0
5913 0
1402 0
19516 15625
15432 15625
18315 15625
10613 0
13688 15625
8689 0
7102 0
7793 0
1057 0
1133 0
18579 15625
5320 0
10215 0
11328 0
11442 0
16455 15625
2612 0
1034 0
12313 15625
16522 15625
16141 0
11594 15625
15504 15625
1583 0
791 0
127542 109375
73754 46875
173516 156250
256293 234375
71073 62500
792245 750000
957611 953125
27123 15625
534462 515625
868056 890625
909394 875000
502039 421875
329504 343750
224493 171875
858316 890625
107972 78125
977013 1000000
886563 859375
990814 1031250
111585 78125
589948 578125
549275 500000
368308 359375
224681 187500
430003 359375
299814 296875
899072 921875
260998 203125
570936 484375
930030 921875
524599 437500
390193 375000
814629 937500
279988 265625
331915 312500
468321 468750
633675 609375
900010 921875
418539 328125
615511 609375
720977 687500
356093 281250
332713 265625
906607 937500
352956 281250
263360 203125
332981 265625
569069 484375
629601 531250
738243 734375
672247 718750
669149 734375
459936 421875
135958 109375
86974 62500
994766 1031250
619182 546875
751898 734375
640858 656250
148746 156250
659259 656250
931942 1015625
152294 125000
900177 875000
487903 406250
968884 921875
907969 937500
694907 671875
420232 375000
551263 500000
989138 1046875
344785 312500
181570 140625
930987 906250
274725 265625
400194 328125
575563 578125
689120 703125
423777 359375
628691 578125
197885 187500
44241 31250
334908 312500
750090 765625
394627 343750
564473 609375
97160 78125
445578 453125
305402 296875
826397 828125
164043 125000
501712 484375
651421 562500
120360 93750
776450 796875
878355 875000
512782 515625
180402 156250
218564 218750
580549 500000
789982 734375
698704 593750
287433 281250
390827 421875
777488 765625
575561 609375
415939 375000
912837 875000
944384 953125
342170 312500
184198 140625
917203 906250
107655 78125
719692 718750
692850 671875
170740 125000
221556 171875
231168 250000
649057 656250
672363 609375
405144 343750
545476 562500
599262 593750
331629 343750
702805 640625
565586 546875
294269 250000
384020 359375
676579 578125
205979 156250
251441 203125
306859 296875
192450 171875
35223 31250
538722 515625
205648 187500
196071 140625
70670 62500
23621 31250
597322 562500
704172 671875
360694 343750
458807 437500
619228 531250
331517 265625
324958 328125
492123 484375
947034 968750
644864 625000
559964 531250
163301 125000
729752 703125
548050 484375
208631 156250
101227 93750
859174 859375
93114 109375
882086 843750
915533 937500
331552 312500
643366 531250
420407 421875
740979 734375
597298 546875
620506 640625
514981 546875
899275 906250
129794 140625
213036 171875
993837 953125
734033 718750
139617 140625
360047 359375
754737 718750
652398 640625
566425 515625
458575 453125
99376 62500
345704 328125
469537 421875
233821 203125
163531 125000
291597 265625
646230 546875
399781 406250
847653 843750
325522 312500
465681 453125
971118 1015625
717028 687500
534269 453125
878718 875000
176626 140625
115956 78125
735613 750000
558356 546875
35530 15625
742757 703125
903881 859375
110265 93750
732912 734375
715466 750000
973034 968750
46716 31250
619669 593750
372735 359375
131982 109375
66832 46875
242843 187500
228395 203125
840280 828125
297595 296875
149218 125000
240866 250000
38281 31250
221337 171875
410971 328125
914327 937500
578535 484375
674384 640625
88476 78125
438006 437500
599342 546875
38323 31250
650411 546875
170053 125000
862316 765625
811760 781250
342684 312500
666393 640625
387576 312500
250643 187500
449331 437500
451099 375000
375656 312500
625968 593750
859169 781250
219978 218750
689471 656250
112287 78125
598957 656250
96321 109375
547915 468750
621422 656250
527013 453125
311712 250000
163985 125000
706266 703125
615816 640625
395277 312500
274600 250000
281822 234375
139985 109375
701975 671875
185984 203125
180314 156250
547613 500000
683373 640625
678638 625000
431832 406250
788941 781250
940478 937500
433683 421875
986452 984375
730144 687500
612769 593750
106006 78125
508602 515625
347985 343750
397309 406250
591021 593750
378668 328125
51696 31250
600172 656250
784662 718750
501881 437500
362973 296875
524548 531250
797616 734375
756580 671875
441218 375000
258856 234375
256706 203125
398820 343750
663118 687500
280001 281250
424253 562500
400353 453125
38019 31250
948439 968750
514157 546875
976524 1046875
284391 234375
33137 31250
817596 953125
666401 593750
941968 921875
372769 359375
321186 265625
597667 609375
607215 578125
546421 593750
517914 546875
58444 62500
379477 343750
668687 718750
562923 515625
702542 734375
771165 765625
615344 671875
524072 515625
585823 593750
111726 93750
338108 312500
649135 640625
417232 437500
627128 625000
522409 437500
94270 93750
993694 1062500
264196 250000
83432 62500
755264 812500
723493 781250
116383 109375
38819 31250
621031 593750
635016 593750
905913 921875
365700 312500
571993 593750
895208 921875
718764 765625
789485 718750
951662 1031250
153352 125000
222667 218750
127510 156250
84313 78125
47709 46875
943067 953125
892334 921875
698158 718750
764356 796875
743933 781250
537193 625000
709976 765625
390421 468750
815949 843750
485544 500000
895599 953125
71592 78125
829858 875000
922881 921875
441601 437500
57872 46875
557168 515625
127903 93750
719318 718750
994866 1015625
476831 500000
491602 390625
512788 484375
684056 796875
185974 171875
32703 31250
94676 78125
898037 859375
946198 843750
936046 828125
623473 562500
946966 984375
965756 843750
90498 93750
92153 78125
947681 1078125
20476 15625
930498 906250
158731 171875
713906 609375
401749 390625
623430 609375
198462 140625
345521 312500
547351 562500
246705 187500
561962 578125
809016 828125
646805 750000
157712 156250
314735 328125
487136 468750
232620 203125
151628 125000
989161 1031250
131830 109375
430366 484375
634303 546875
518681 453125
654275 546875
570317 468750
237442 187500
383909 406250
278830 265625
485553 484375
768326 765625
790210 921875
159958 171875
232374 265625
935128 1093750
77007 62500
173419 125000
804401 953125
123664 125000
279664 234375
892287 890625
226333 234375
448942 453125
462254 375000
256071 234375
753305 765625
823526 796875
943850 875000
621252 593750
364719 296875
28978 15625
214078 171875
684714 593750
188603 171875
367890 296875
591998 578125
923592 937500
107997 93750
421799 406250
630170 640625
588186 500000
550436 562500
942120 968750
801792 796875
354533 281250
323673 296875
644637 656250
198468 140625
801990 1515625
867850 859375
125366 125000
909739 921875
119640 93750
863206 812500
476973 500000
743166 828125
779825 718750
250833 218750
876425 890625
384866 390625
883263 765625
287648 265625
77331 62500
85938 78125
595946 593750
655761 796875
185779 140625
292285 359375
891270 906250
50873 46875
965408 968750
145116 171875
572624 484375
36646 31250
273493 265625
761124 875000
675268 796875
253584 203125
450130 375000
41955 31250
203157 156250
389545 359375
117090 93750
674650 593750
763407 796875
490378 421875
126702 93750
577106 562500
265331 203125
169719 171875
722680 718750
266846 218750
399603 390625
348765 406250
668841 937500
278038 375000
624517 625000
42234 31250
221824 203125
742889 875000
191649 156250
595122 578125
418214 343750
418520 375000
208935 171875
821180 750000
265461 250000
640180 734375
647450 687500
901023 937500
63052 62500
856220 921875
637754 546875
80036 62500
925733 984375
912865 1015625
410891 375000
675943 687500
549952 484375
586271 578125
182360 156250
520804 562500
647455 656250
749767 1015625
252259 203125
741542 734375
562436 609375
100453 78125
368572 343750
316367 343750
985041 1062500
815056 1000000
139402 156250
970465 1000000
740573 859375
511967 468750
950922 1171875
655177 562500
511972 546875
203240 203125
749328 875000
298721 296875
739185 750000
225957 171875
115865 93750
966940 968750
917545 984375
292252 281250
605141 640625
519831 593750
419863 421875
290790 234375
251867 218750
261269 203125
705876 656250
655888 656250
621022 625000
36192 31250
433574 453125
99820 78125
896390 765625
172516 125000
918975 828125
650146 546875
783004 828125
718932 703125
175186 125000
703979 593750
638929 640625
35650 31250
543795 546875
864708 890625
816631 765625
351320 343750
915378 906250
706999 859375
689403 843750
686223 937500
394274 593750
27441 46875
628820 640625
806835 1093750
929522 1234375
116028 109375
152464 187500
875751 1250000
239366 234375
688364 953125
142005 156250
526022 578125
689447 843750
924767 968750
729659 781250
268872 203125
460321 656250
374684 468750
635041 640625
755359 687500
135761 109375
707256 703125
257364 234375
725445 656250
73329 62500
664631 671875
183019 140625
488649 468750
128582 109375
993024 1031250
531921 531250
338491 281250
414091 406250
789138 796875
297255 234375
533950 484375
750762 781250
221989 234375
108915 93750
770976 718750
26735 15625
556313 484375
470753 390625
932522 968750
315569 265625
671084 640625
474928 437500
497533 484375
692701 671875
155133 140625
251208 218750
251938 234375
675323 671875
790508 796875
334978 296875
782848 765625
990048 984375
906988 890625
944236 968750
527134 437500
278591 234375
659869 625000
741928 640625
981081 937500
425370 437500
155439 125000
578597 546875
229449 187500
726456 687500
210808 187500
233868 187500
925312 875000
130616 93750
286320 218750
505165 500000
50432 46875
686924 609375
572254 546875
675498 703125
320070 343750
630078 593750
985765 875000
102694 93750
926010 906250
935339 890625
296658 234375
908899 906250
499437 500000
441870 375000
176830 187500
543935 562500
620558 593750
994111 921875
584208 562500
131071 93750
291503 281250
308674 250000
859158 796875
430529 406250
870995 812500
725135 734375
455301 421875
247100 265625
208266 156250
126605 93750
329620 281250
200506 187500
363667 328125
414641 328125
761285 734375
796040 781250
407247 343750
729807 734375
807530 843750
844129 828125
884291 796875
637411 562500
636246 656250
765339 703125
378222 375000
601976 546875
88558 78125
149960 125000
470192 453125
818853 828125
330732 281250
65348 62500
839678 828125
460292 406250
389141 375000
480043 515625
461479 453125
229384 218750
485665 609375
301291 250000
687414 671875
42764 46875
636475 609375
980611 1000000
152030 187500
960507 953125
660692 609375
250570 187500
249062 203125
793702 796875
636124 671875
200423 140625
206540 203125
117748 93750
539610 546875
454544 500000
298668 250000
254665 187500
337472 281250
97496 62500
289168 234375
644112 703125
349337 281250
952014 921875
140058 109375
688630 687500
572432 531250
970557 1000000
715912 718750
824920 750000
596649 625000
581389 578125
159152 125000
973181 906250
556769 500000
692407 671875
408233 328125
39012 31250
964869 906250
854416 765625
650828 625000
59290 46875
511328 468750
682214 687500
418742 359375
574866 531250
560430 562500
881536 781250
967534 937500
628484 531250
429117 453125
697683 656250
192665 140625
432228 437500
420845 359375
480828 437500
263272 281250
262114 218750
540701 500000
790607 781250
882579 765625
129123 93750
598794 593750
478563 453125
905757 937500
299102 296875
263733 203125
859317 828125
710833 656250
311843 250000
659275 625000
401858 390625
91250 62500
21883 15625
379085 359375
735088 671875
98085 62500
799544 765625
943000 906250
88374 62500
482747 437500
643527 640625
462403 453125
421611 406250
857733 812500
40901 31250
950502 937500
177196 187500
858416 890625
848687 781250
789555 734375
355617 281250
500350 546875
773630 765625
361392 375000
808054 843750
152284 125000
648465 593750
238480 187500
270225 218750
777985 687500
761406 796875
330251 265625
254839 203125
419154 406250
99556 78125
284452 218750
535109 484375
850276 828125
375441 343750
451301 531250
782310 734375
270233 234375
214055 171875
965653 984375
652526 609375
586657 562500
158819 125000
584465 546875
102541 93750
987017 1000000
184363 140625
502755 453125
668232 656250
328712 328125
498537 468750
550666 546875
212530 203125
533361 484375
693289 656250
911809 1015625
401078 359375
591562 593750
621156 640625
434121 390625
951129 953125
448212 468750
448346 375000
146024 109375
212715 156250
515375 484375
835461 812500
164835 125000
769622 734375
997823 953125
392294 390625
375324 312500
142768 93750
726242 625000
503408 578125
189503 156250
641635 625000
432572 406250
458004 484375
554978 531250
882875 937500
849897 750000
315412 265625
105597 78125
882695 875000
176697 140625
747623 625000
723096 703125
402325 328125
844264 828125
254457 203125
82120 62500
656444 656250
808448 718750
773769 671875
968621 984375
846507 765625
493387 484375
572043 593750
750490 656250
964694 1000000
428257 359375
34217 31250
547208 468750
199797 140625
320272 296875
101285 78125
70939 46875
874132 765625
381931 328125
835497 703125
855464 718750
299399 281250
754867 640625
815779 703125
27439 15625
581066 484375
173243 140625
108152 78125
311800 250000
627492 578125
320153 265625
71054 62500
589313 593750
253594 203125
839486 984375
990896 1359375
291478 250000
98709 78125
739873 796875
109726 93750
495995 578125
562345 656250
867396 1218750
603384 843750
25433 31250
635246 609375
150202 140625
285886 296875
236038 187500
99775 78125
780086 765625
328617 328125
432314 531250
518197 718750
87756 93750
710014 781250
31494 46875
65894 46875
758311 750000
321542 437500
503370 687500
468666 578125
657286 671875
708205 828125
33417 15625
799798 718750
981407 1406250
599818 609375
80746 109375
61549 62500
626098 984375
798837 1156250
630303 843750
514902 625000
724798 1000000
656206 1000000
360979 375000
769812 828125
704301 734375
745497 828125
639745 656250
199759 156250
620455 656250
49663 31250
731102 843750
485027 515625
560736 468750
988861 843750
446408 484375
545694 515625
740368 781250
531200 578125
749754 718750
227693 234375
395880 343750
195583 156250
754112 765625
663901 625000
669022 656250
364729 312500
499424 406250
618951 578125
354081 328125
736175 765625
489872 468750
872167 906250
588577 531250
366190 296875
766120 812500
380774 406250
278975 250000
536725 531250
844879 859375
870081 843750
209318 156250
529732 515625
455069 468750
720433 781250
80259 62500
930757 843750
936378 968750
854113 812500
789869 843750
735195 937500
781577 968750
660009 671875
