2000
1 0
21 0
41 0
61 0
81 0
101 0
121 0
141 0
161 0
181 0
201 0
221 0
241 0
261 0
281 0
301 0
321 0
341 0
361 0
381 0
401 0
421 0
441 0
461 0
481 15625
501 0
521 0
541 0
561 0
581 0
601 0
621 0
641 0
661 0
681 15625
701 15625
721 0
741 0
761 0
781 0
801 0
821 0
841 0
861 0
881 0
901 0
921 0
941 0
961 0
981 0
1001 0
1021 0
1041 0
1061 0
1081 0
1101 0
1121 0
1141 0
1161 0
1181 0
1201 0
1221 0
1241 0
1261 0
1281 0
1301 0
1321 0
1341 0
1361 0
1381 0
1401 0
1421 0
1441 0
1461 15625
1481 0
1501 0
1521 0
1541 0
1561 0
1581 15625
1601 0
1621 0
1641 0
1661 0
1681 15625
1701 0
1721 0
1741 0
1761 0
1781 0
1801 0
1821 0
1841 15625
1861 0
1881 0
1901 0
1921 0
1941 0
1961 0
1981 0
2001 0
2021 0
2041 0
2061 0
2081 15625
2101 15625
2121 0
2141 0
2161 0
2181 15625
2201 0
2221 0
2241 0
2261 0
2281 0
2301 0
2321 0
2341 0
2361 0
2381 0
2401 0
2421 0
2441 0
2461 0
2481 0
2501 0
2521 15625
2541 0
2561 15625
2581 0
2601 0
2621 15625
2641 0
2661 0
2681 0
2701 0
2721 0
2741 15625
2761 0
2781 0
2801 15625
2821 0
2841 15625
2861 0
2881 0
2901 0
2921 0
2941 15625
2961 0
2981 0
3001 0
3021 0
3041 15625
3061 0
3081 15625
3101 0
3121 15625
3141 0
3161 0
3181 0
3201 15625
3221 0
3241 0
3261 0
3281 0
3301 0
3321 0
3341 0
3361 15625
3381 0
3401 0
3421 0
3441 0
3461 0
3481 15625
3501 0
3521 0
3541 15625
3561 0
3581 15625
3601 15625
3621 15625
3641 0
3661 0
3681 15625
3701 15625
3721 15625
3741 0
3761 0
3781 0
3801 0
3821 0
3841 15625
3861 0
3881 15625
3901 0
3921 0
3941 0
3961 0
3981 0
4001 0
4021 0
4041 0
4061 0
4081 0
4101 0
4121 0
4141 15625
4161 0
4181 0
4201 0
4221 0
4241 15625
4261 0
4281 0
4301 15625
4321 0
4341 0
4361 0
4381 0
4401 15625
4421 0
4441 15625
4461 0
4481 15625
4501 0
4521 0
4541 0
4561 0
4581 0
4601 0
4621 0
4641 15625
4661 0
4681 0
4701 15625
4721 0
4741 0
4761 0
4781 0
4801 0
4821 0
4841 0
4861 15625
4881 0
4901 15625
4921 15625
4941 15625
4961 0
4981 0
5001 15625
5021 15625
5041 15625
5061 0
5081 0
5101 0
5121 15625
5141 0
5161 0
5181 0
5201 0
5221 0
5241 15625
5261 0
5281 0
5301 0
5321 15625
5341 0
5361 0
5381 15625
5401 15625
5421 0
5441 15625
5461 15625
5481 15625
5501 0
5521 0
5541 0
5561 15625
5581 0
5601 0
5621 0
5641 0
5661 15625
5681 15625
5701 0
5721 0
5741 0
5761 15625
5781 0
5801 0
5821 0
5841 0
5861 0
5881 0
5901 0
5921 15625
5941 0
5961 0
5981 15625
6001 0
6021 15625
6041 0
6061 0
6081 15625
6101 0
6121 15625
6141 0
6161 15625
6181 15625
6201 15625
6221 15625
6241 15625
6261 0
6281 0
6301 0
6321 0
6341 0
6361 31250
6381 0
6401 15625
6421 15625
6441 0
6461 15625
6481 15625
6501 15625
6521 15625
6541 15625
6561 15625
6581 15625
6601 15625
6621 0
6641 15625
6661 0
6681 15625
6701 0
6721 0
6741 0
6761 15625
6781 0
6801 0
6821 0
6841 15625
6861 15625
6881 0
6901 0
6921 0
6941 0
6961 0
6981 0
7001 0
7021 0
7041 0
7061 15625
7081 0
7101 15625
7121 0
7141 15625
7161 15625
7181 0
7201 15625
7221 0
7241 0
7261 0
7281 15625
7301 0
7321 15625
7341 0
7361 0
7381 15625
7401 15625
7421 0
7441 0
7461 0
7481 15625
7501 0
7521 15625
7541 15625
7561 15625
7581 0
7601 15625
7621 0
7641 15625
7661 0
7681 15625
7701 15625
7721 0
7741 0
7761 0
7781 15625
7801 15625
7821 0
7841 15625
7861 0
7881 0
7901 15625
7921 15625
7941 15625
7961 0
7981 15625
8001 15625
8021 15625
8041 15625
8061 15625
8081 15625
8101 15625
8121 0
8141 15625
8161 15625
8181 0
8201 15625
8221 15625
8241 15625
8261 15625
8281 0
8301 15625
8321 0
8341 15625
8361 0
8381 15625
8401 0
8421 0
8441 0
8461 15625
8481 15625
8501 0
8521 0
8541 0
8561 15625
8581 0
8601 15625
8621 15625
8641 15625
8661 15625
8681 15625
8701 0
8721 15625
8741 15625
8761 0
8781 15625
8801 15625
8821 15625
8841 0
8861 15625
8881 15625
8901 0
8921 15625
8941 15625
8961 0
8981 15625
9001 15625
9021 15625
9041 15625
9061 15625
9081 15625
9101 15625
9121 15625
9141 15625
9161 15625
9181 15625
9201 15625
9221 0
9241 15625
9261 15625
9281 15625
9301 15625
9321 15625
9341 15625
9361 0
9381 15625
9401 15625
9421 15625
9441 15625
9461 0
9481 15625
9501 15625
9521 0
9541 0
9561 15625
9581 15625
9601 0
9621 15625
9641 15625
9661 15625
9681 15625
9701 0
9721 15625
9741 15625
9761 31250
9781 15625
9801 0
9821 15625
9841 0
9861 15625
9881 15625
9901 15625
9921 15625
9941 15625
9961 0
9981 15625
10001 0
10021 0
10041 0
10061 15625
10081 15625
10101 0
10121 15625
10141 0
10161 0
10181 15625
10201 0
10221 15625
10241 15625
10261 15625
10281 0
10301 0
10321 15625
10341 0
10361 15625
10381 15625
10401 15625
10421 15625
10441 0
10461 15625
10481 15625
10501 15625
10521 15625
10541 15625
10561 0
10581 15625
10601 15625
10621 15625
10641 0
10661 15625
10681 15625
10701 15625
10721 15625
10741 15625
10761 0
10781 15625
10801 15625
10821 0
10841 15625
10861 15625
10881 15625
10901 15625
10921 15625
10941 15625
10961 0
10981 15625
11001 0
11021 15625
11041 0
11061 15625
11081 15625
11101 31250
11121 15625
11141 15625
11161 0
11181 15625
11201 0
11221 15625
11241 15625
11261 15625
11281 15625
11301 15625
11321 15625
11341 15625
11361 15625
11381 15625
11401 15625
11421 0
11441 31250
11461 15625
11481 15625
11501 15625
11521 0
11541 0
11561 15625
11581 31250
11601 15625
11621 15625
11641 15625
11661 15625
11681 0
11701 15625
11721 31250
11741 15625
11761 15625
11781 0
11801 15625
11821 15625
11841 31250
11861 15625
11881 0
11901 15625
11921 15625
11941 0
11961 15625
11981 31250
12001 15625
12021 15625
12041 15625
12061 15625
12081 15625
12101 0
12121 15625
12141 15625
12161 15625
12181 15625
12201 15625
12221 15625
12241 15625
12261 15625
12281 15625
12301 15625
12321 15625
12341 15625
12361 15625
12381 15625
12401 15625
12421 15625
12441 15625
12461 15625
12481 15625
12501 15625
12521 15625
12541 15625
12561 15625
12581 15625
12601 15625
12621 15625
12641 15625
12661 15625
12681 15625
12701 31250
12721 15625
12741 15625
12761 15625
12781 15625
12801 15625
12821 15625
12841 15625
12861 15625
12881 15625
12901 15625
12921 15625
12941 15625
12961 15625
12981 15625
13001 31250
13021 15625
13041 15625
13061 0
13081 0
13101 15625
13121 15625
13141 15625
13161 15625
13181 15625
13201 15625
13221 15625
13241 15625
13261 15625
13281 15625
13301 15625
13321 0
13341 15625
13361 15625
13381 15625
13401 15625
13421 15625
13441 15625
13461 15625
13481 15625
13501 15625
13521 15625
13541 15625
13561 15625
13581 15625
13601 15625
13621 15625
13641 15625
13661 15625
13681 15625
13701 15625
13721 15625
13741 0
13761 15625
13781 15625
13801 15625
13821 15625
13841 15625
13861 15625
13881 15625
13901 15625
13921 15625
13941 15625
13961 15625
13981 15625
14001 31250
14021 15625
14041 15625
14061 15625
14081 31250
14101 15625
14121 15625
14141 15625
14161 15625
14181 31250
14201 15625
14221 15625
14241 15625
14261 15625
14281 15625
14301 15625
14321 15625
14341 15625
14361 15625
14381 15625
14401 15625
14421 15625
14441 15625
14461 15625
14481 15625
14501 15625
14521 15625
14541 15625
14561 15625
14581 15625
14601 15625
14621 15625
14641 15625
14661 15625
14681 15625
14701 15625
14721 31250
14741 15625
14761 15625
14781 15625
14801 15625
14821 15625
14841 15625
14861 15625
14881 31250
14901 15625
14921 15625
14941 15625
14961 15625
14981 31250
15001 15625
15021 15625
15041 15625
15061 15625
15081 15625
15101 31250
15121 15625
15141 15625
15161 15625
15181 15625
15201 15625
15221 15625
15241 31250
15261 15625
15281 15625
15301 15625
15321 15625
15341 15625
15361 15625
15381 15625
15401 15625
15421 15625
15441 15625
15461 15625
15481 15625
15501 15625
15521 31250
15541 15625
15561 15625
15581 15625
15601 15625
15621 15625
15641 15625
15661 31250
15681 31250
15701 15625
15721 15625
15741 15625
15761 15625
15781 15625
15801 15625
15821 15625
15841 15625
15861 15625
15881 15625
15901 31250
15921 15625
15941 15625
15961 15625
15981 15625
16001 15625
16021 15625
16041 15625
16061 15625
16081 15625
16101 31250
16121 15625
16141 15625
16161 15625
16181 15625
16201 15625
16221 31250
16241 15625
16261 31250
16281 15625
16301 15625
16321 15625
16341 15625
16361 15625
16381 15625
16401 15625
16421 15625
16441 15625
16461 15625
16481 15625
16501 15625
16521 15625
16541 15625
16561 15625
16581 15625
16601 15625
16621 31250
16641 15625
16661 31250
16681 31250
16701 15625
16721 15625
16741 31250
16761 15625
16781 15625
16801 15625
16821 15625
16841 15625
16861 15625
16881 15625
16901 15625
16921 31250
16941 15625
16961 31250
16981 15625
17001 15625
17021 15625
17041 15625
17061 15625
17081 15625
17101 15625
17121 15625
17141 15625
17161 31250
17181 31250
17201 15625
17221 15625
17241 31250
17261 15625
17281 15625
17301 15625
17321 31250
17341 15625
17361 31250
17381 15625
17401 15625
17421 15625
17441 31250
17461 31250
17481 31250
17501 15625
17521 31250
17541 15625
17561 15625
17581 15625
17601 15625
17621 15625
17641 31250
17661 15625
17681 15625
17701 31250
17721 15625
17741 15625
17761 15625
17781 15625
17801 15625
17821 15625
17841 31250
17861 15625
17881 15625
17901 15625
17921 31250
17941 15625
17961 15625
17981 15625
18001 15625
18021 31250
18041 31250
18061 15625
18081 15625
18101 31250
18121 15625
18141 15625
18161 31250
18181 31250
18201 15625
18221 15625
18241 31250
18261 15625
18281 31250
18301 15625
18321 31250
18341 31250
18361 15625
18381 15625
18401 31250
18421 15625
18441 15625
18461 15625
18481 31250
18501 31250
18521 15625
18541 15625
18561 15625
18581 15625
18601 31250
18621 31250
18641 15625
18661 31250
18681 31250
18701 31250
18721 15625
18741 15625
18761 15625
18781 31250
18801 15625
18821 31250
18841 15625
18861 15625
18881 15625
18901 15625
18921 31250
18941 15625
18961 31250
18981 15625
19001 15625
19021 15625
19041 31250
19061 15625
19081 31250
19101 15625
19121 15625
19141 15625
19161 31250
19181 31250
19201 15625
19221 15625
19241 15625
19261 31250
19281 15625
19301 31250
19321 15625
19341 15625
19361 15625
19381 15625
19401 31250
19421 31250
19441 15625
19461 31250
19481 15625
19501 15625
19521 31250
19541 31250
19561 15625
19581 15625
19601 15625
19621 15625
19641 31250
19661 31250
19681 15625
19701 15625
19721 31250
19741 31250
19761 31250
19781 15625
19801 31250
19821 31250
19841 15625
19861 31250
19881 15625
19901 31250
19921 31250
19941 31250
19961 31250
19981 31250
20001 31250
20002 15625
20902 15625
21802 31250
22702 31250
23602 31250
24502 31250
25402 31250
26302 31250
27202 31250
28102 31250
29002 31250
29902 31250
30802 31250
31702 31250
32602 46875
33502 31250
34402 46875
35302 31250
36202 62500
37102 46875
38002 46875
38902 62500
39802 46875
40702 46875
41602 46875
42502 46875
43402 62500
44302 46875
45202 46875
46102 46875
47002 62500
47902 46875
48802 46875
49702 62500
50602 62500
51502 62500
52402 62500
53302 62500
54202 78125
55102 78125
56002 78125
56902 93750
57802 78125
58702 93750
59602 62500
60502 78125
61402 62500
62302 78125
63202 78125
64102 78125
65002 78125
65902 78125
66802 93750
67702 78125
68602 78125
69502 93750
70402 93750
71302 125000
72202 78125
73102 93750
74002 125000
74902 78125
75802 125000
76702 93750
77602 109375
78502 93750
79402 93750
80302 109375
81202 93750
82102 93750
83002 140625
83902 156250
84802 93750
85702 109375
86602 140625
87502 156250
88402 125000
89302 109375
90202 140625
91102 125000
92002 140625
92902 109375
93802 156250
94702 109375
95602 125000
96502 156250
97402 156250
98302 125000
99202 125000
100102 125000
101002 156250
101902 109375
102802 109375
103702 125000
104602 125000
105502 125000
106402 140625
107302 156250
108202 140625
109102 156250
110002 171875
110902 187500
111802 140625
112702 156250
113602 140625
114502 171875
115402 187500
116302 156250
117202 140625
118102 140625
119002 140625
119902 171875
120802 140625
121702 171875
122602 140625
123502 203125
124402 203125
125302 156250
126202 156250
127102 156250
128002 156250
128902 234375
129802 234375
130702 171875
131602 203125
132502 203125
133402 156250
134302 156250
135202 203125
136102 187500
137002 234375
137902 171875
138802 203125
139702 218750
140602 187500
141502 187500
142402 171875
143302 218750
144202 203125
145102 187500
146002 171875
146902 218750
147802 187500
148702 203125
149602 265625
150502 218750
151402 203125
152302 234375
153202 187500
154102 203125
155002 250000
155902 187500
156802 265625
157702 234375
158602 203125
159502 250000
160402 187500
161302 203125
162202 203125
163102 218750
164002 234375
164902 234375
165802 203125
166702 281250
167602 218750
168502 234375
169402 250000
170302 218750
171202 312500
172102 218750
173002 218750
173902 218750
174802 328125
175702 218750
176602 234375
177502 234375
178402 234375
179302 218750
180202 218750
181102 234375
182002 250000
182902 343750
183802 218750
184702 265625
185602 234375
186502 234375
187402 234375
188302 265625
189202 281250
190102 312500
191002 250000
191902 265625
192802 250000
193702 281250
194602 250000
195502 281250
196402 281250
197302 359375
198202 437500
199102 343750
200002 265625
200902 265625
201802 250000
202702 343750
203602 296875
204502 281250
205402 250000
206302 265625
207202 312500
208102 343750
209002 312500
209902 281250
210802 265625
211702 281250
212602 328125
213502 328125
214402 328125
215302 359375
216202 359375
217102 453125
218002 343750
218902 328125
219802 343750
220702 343750
221602 359375
222502 421875
223402 343750
224302 328125
225202 281250
226102 296875
227002 375000
227902 359375
228802 296875
229702 406250
230602 312500
231502 406250
232402 296875
233302 296875
234202 296875
235102 375000
236002 359375
236902 437500
237802 359375
238702 375000
239602 312500
240502 390625
241402 312500
242302 390625
243202 359375
244102 390625
245002 421875
245902 390625
246802 421875
247702 375000
248602 390625
249502 390625
250402 421875
251302 453125
252202 406250
253102 406250
254002 343750
254902 375000
255802 421875
256702 328125
257602 375000
258502 421875
259402 375000
260302 343750
261202 359375
262102 421875
263002 421875
263902 375000
264802 453125
265702 437500
266602 453125
267502 453125
268402 359375
269302 468750
270202 359375
271102 390625
272002 359375
272902 437500
273802 484375
274702 406250
275602 359375
276502 468750
277402 375000
278302 468750
279202 453125
280102 359375
281002 484375
281902 484375
282802 500000
283702 437500
284602 484375
285502 468750
286402 359375
287302 390625
288202 453125
289102 390625
290002 375000
290902 437500
291802 484375
292702 375000
293602 515625
294502 500000
295402 484375
296302 468750
297202 390625
298102 406250
299002 390625
299902 500000
300802 453125
301702 546875
302602 406250
303502 468750
304402 406250
305302 484375
306202 390625
307102 421875
308002 515625
308902 500000
309802 531250
310702 437500
311602 437500
312502 531250
313402 468750
314302 531250
315202 437500
316102 468750
317002 531250
317902 515625
318802 531250
319702 531250
320602 500000
321502 484375
322402 484375
323302 484375
324202 453125
325102 515625
326002 578125
326902 500000
327802 437500
328702 546875
329602 531250
330502 546875
331402 437500
332302 468750
333202 500000
334102 578125
335002 578125
335902 500000
336802 484375
337702 593750
338602 437500
339502 562500
340402 578125
341302 562500
342202 578125
343102 546875
344002 531250
344902 546875
345802 453125
346702 546875
347602 562500
348502 578125
349402 515625
350302 531250
351202 593750
352102 593750
353002 578125
353902 546875
354802 609375
355702 593750
356602 546875
357502 578125
358402 515625
359302 625000
360202 593750
361102 546875
362002 625000
362902 593750
363802 562500
364702 562500
365602 531250
366502 640625
367402 640625
368302 593750
369202 593750
370102 609375
371002 593750
371902 593750
372802 593750
373702 625000
374602 609375
375502 578125
376402 640625
377302 609375
378202 640625
379102 593750
380002 625000
380902 640625
381802 625000
382702 593750
383602 671875
384502 609375
385402 609375
386302 593750
387202 687500
388102 609375
389002 796875
389902 656250
390802 609375
391702 609375
392602 656250
393502 656250
394402 609375
395302 625000
396202 656250
397102 703125
398002 703125
398902 656250
399802 671875
400702 656250
401602 671875
402502 671875
403402 656250
404302 625000
405202 656250
406102 671875
407002 671875
407902 671875
408802 687500
409702 656250
410602 656250
411502 718750
412402 640625
413302 687500
414202 687500
415102 703125
416002 671875
416902 734375
417802 656250
418702 703125
419602 687500
420502 625000
421402 703125
422302 750000
423202 718750
424102 703125
425002 609375
425902 718750
426802 671875
427702 703125
428602 703125
429502 750000
430402 718750
431302 687500
432202 765625
433102 718750
434002 718750
434902 687500
435802 718750
436702 734375
437602 750000
438502 640625
439402 734375
440302 750000
441202 687500
442102 687500
443002 718750
443902 718750
444802 750000
445702 750000
446602 734375
447502 671875
448402 750000
449302 656250
450202 718750
451102 765625
452002 859375
452902 796875
453802 734375
454702 765625
455602 765625
456502 734375
457402 765625
458302 781250
459202 781250
460102 765625
461002 812500
461902 750000
462802 812500
463702 687500
464602 750000
465502 750000
466402 796875
467302 765625
468202 781250
469102 734375
470002 796875
470902 796875
471802 750000
472702 765625
473602 750000
474502 828125
475402 718750
476302 781250
477202 781250
478102 875000
479002 859375
479902 812500
480802 765625
481702 796875
482602 781250
483502 828125
484402 812500
485302 843750
486202 843750
487102 781250
488002 812500
488902 796875
489802 781250
490702 875000
491602 843750
492502 796875
493402 843750
494302 828125
495202 843750
496102 734375
497002 875000
497902 828125
498802 796875
499702 859375
500602 859375
501502 796875
502402 890625
503302 812500
504202 796875
505102 875000
506002 843750
506902 796875
507802 828125
508702 890625
509602 890625
510502 828125
511402 796875
512302 812500
513202 875000
514102 796875
515002 843750
515902 843750
516802 890625
517702 890625
518602 828125
519502 812500
520402 875000
521302 890625
522202 875000
523102 859375
524002 828125
524902 937500
525802 843750
526702 937500
527602 875000
528502 859375
529402 937500
530302 875000
531202 859375
532102 734375
533002 796875
533902 921875
534802 796875
535702 765625
536602 750000
537502 1156250
538402 921875
539302 937500
540202 890625
541102 796875
542002 1000000
542902 953125
543802 906250
544702 890625
545602 906250
546502 953125
547402 906250
548302 968750
549202 906250
550102 953125
551002 906250
551902 953125
552802 953125
553702 953125
554602 937500
555502 906250
556402 906250
557302 968750
558202 921875
559102 968750
560002 953125
560902 1031250
561802 953125
562702 906250
563602 921875
564502 984375
565402 1015625
566302 968750
567202 937500
568102 1031250
569002 937500
569902 1046875
570802 968750
571702 968750
572602 984375
573502 1000000
574402 937500
575302 984375
576202 1046875
577102 968750
578002 953125
578902 1015625
579802 984375
580702 1015625
581602 1015625
582502 1031250
583402 984375
584302 1000000
585202 1046875
586102 1046875
587002 906250
587902 906250
588802 859375
589702 828125
590602 1343750
591502 828125
592402 953125
593302 828125
594202 875000
595102 859375
596002 937500
596902 875000
597802 859375
598702 953125
599602 1031250
600502 984375
601402 1093750
602302 1109375
603202 1046875
604102 1031250
605002 1046875
605902 1062500
606802 1062500
607702 1078125
608602 1093750
609502 968750
610402 1031250
611302 1062500
612202 1062500
613102 1093750
614002 1031250
614902 1062500
615802 1140625
616702 1109375
617602 1000000
618502 1062500
619402 1156250
620302 1046875
621202 1046875
622102 1140625
623002 1078125
623902 1062500
624802 1140625
625702 1046875
626602 1031250
627502 1109375
628402 1125000
629302 1109375
630202 1078125
631102 1093750
632002 1078125
632902 1109375
633802 1109375
634702 1109375
635602 1156250
636502 1093750
637402 1296875
638302 1062500
639202 1062500
640102 1093750
641002 1031250
641902 1078125
642802 1078125
643702 1109375
644602 1046875
645502 1156250
646402 1125000
647302 1062500
648202 1125000
649102 1046875
650002 1125000
650902 1156250
651802 1109375
652702 1062500
653602 1125000
654502 1093750
655402 1109375
656302 1171875
657202 1078125
658102 1109375
659002 1125000
659902 1109375
660802 1125000
661702 1109375
662602 1140625
663502 1171875
664402 1125000
665302 1156250
666202 1109375
667102 1171875
668002 1093750
668902 1171875
669802 1140625
670702 1156250
671602 1156250
672502 1140625
673402 1109375
674302 1125000
675202 1156250
676102 1171875
677002 1109375
677902 1171875
678802 1171875
679702 1125000
680602 1203125
681502 1140625
682402 1250000
683302 1171875
684202 1171875
685102 1218750
686002 1187500
686902 1171875
687802 1140625
688702 1203125
689602 1203125
690502 1250000
691402 1171875
692302 1171875
693202 1187500
694102 1203125
695002 1171875
695902 1218750
696802 1171875
697702 1171875
698602 1140625
699502 1187500
700402 1187500
701302 1265625
702202 1203125
703102 1203125
704002 1281250
704902 1218750
705802 1296875
706702 1250000
707602 1218750
708502 1265625
709402 1218750
710302 1156250
711202 1187500
712102 1203125
713002 1203125
713902 1171875
714802 1218750
715702 1203125
716602 1218750
717502 1218750
718402 1250000
719302 1281250
720202 1250000
721102 1250000
722002 1234375
722902 1250000
723802 1281250
724702 1265625
725602 1187500
726502 1265625
727402 1234375
728302 1250000
729202 1265625
730102 1281250
731002 1234375
731902 1296875
732802 1281250
733702 1203125
734602 1250000
735502 1265625
736402 1234375
737302 1296875
738202 1312500
739102 1281250
740002 1343750
740902 1265625
741802 1296875
742702 1296875
743602 1328125
744502 1328125
745402 1281250
746302 1296875
747202 1265625
748102 1328125
749002 1296875
749902 1343750
750802 1296875
751702 1343750
752602 1328125
753502 1343750
754402 1281250
755302 1234375
756202 1375000
757102 1296875
758002 1281250
758902 1281250
759802 1312500
760702 1296875
761602 1296875
762502 1312500
763402 1296875
764302 1312500
765202 1359375
766102 1375000
767002 1375000
767902 1343750
768802 1296875
769702 1265625
770602 1406250
771502 1265625
772402 1296875
773302 1343750
774202 1328125
775102 1421875
776002 1328125
776902 1328125
777802 1281250
778702 1359375
779602 1375000
780502 1328125
781402 1312500
782302 1343750
783202 1328125
784102 1390625
785002 1359375
785902 1375000
786802 1312500
787702 1406250
788602 1359375
789502 1421875
790402 1421875
791302 1406250
792202 1375000
793102 1343750
794002 1390625
794902 1375000
795802 1406250
796702 1406250
797602 1406250
798502 1359375
799402 1343750
800302 1453125
801202 1375000
802102 1453125
803002 1453125
803902 1437500
804802 1453125
805702 1406250
806602 1421875
807502 1343750
808402 1375000
809302 1390625
810202 1453125
811102 1421875
812002 1390625
812902 1343750
813802 1390625
814702 1343750
815602 1390625
816502 1406250
817402 1406250
818302 1375000
819202 1437500
820102 1390625
821002 1406250
821902 1343750
822802 1484375
823702 1421875
824602 1390625
825502 1375000
826402 1484375
827302 1453125
828202 1468750
829102 1421875
830002 1437500
830902 1406250
831802 1484375
832702 1500000
833602 1390625
834502 1484375
835402 1406250
836302 1468750
837202 1500000
838102 1500000
839002 1484375
839902 1500000
840802 1437500
841702 1453125
842602 1421875
843502 1468750
844402 1453125
845302 1421875
846202 1500000
847102 1437500
848002 1468750
848902 1468750
849802 1484375
850702 1468750
851602 1562500
852502 1468750
853402 1484375
854302 1468750
855202 1531250
856102 1515625
857002 1484375
857902 1531250
858802 1484375
859702 1500000
860602 1484375
861502 1468750
862402 1484375
863302 1484375
864202 1500000
865102 1500000
866002 1500000
866902 1546875
867802 1468750
868702 1531250
869602 1593750
870502 1546875
871402 1609375
872302 1500000
873202 1421875
874102 1546875
875002 1515625
875902 1562500
876802 1515625
877702 1468750
878602 1531250
879502 1578125
880402 1562500
881302 1546875
882202 1500000
883102 1562500
884002 1593750
884902 1515625
885802 1515625
886702 1546875
887602 1609375
888502 1515625
889402 1609375
890302 1593750
891202 1562500
892102 1609375
893002 1500000
893902 1593750
894802 1562500
895702 1531250
896602 1562500
897502 1578125
898402 1515625
899302 1718750
900202 1921875
901102 1578125
902002 1625000
902902 1609375
903802 1578125
904702 1625000
905602 1562500
906502 1562500
907402 1531250
908302 1609375
909202 1593750
910102 1578125
911002 1578125
911902 1578125
912802 1562500
913702 1609375
914602 1546875
915502 1656250
916402 1671875
917302 1687500
918202 1546875
919102 1593750
920002 1593750
920902 1546875
921802 1593750
922702 1609375
923602 1609375
924502 1593750
925402 1640625
926302 1625000
927202 1546875
928102 1625000
929002 1593750
929902 1625000
930802 2109375
931702 1593750
932602 1687500
933502 1609375
934402 1656250
935302 1656250
936202 1656250
937102 1656250
938002 1625000
938902 1609375
939802 1703125
940702 1656250
941602 1671875
942502 1640625
943402 1578125
944302 2125000
945202 2046875
946102 2140625
947002 2265625
947902 2125000
948802 1671875
949702 1625000
950602 1625000
951502 1703125
952402 1640625
953302 1703125
954202 1656250
955102 1671875
956002 1703125
956902 1750000
957802 1640625
958702 2000000
959602 1734375
960502 1703125
961402 1656250
962302 1609375
963202 1671875
964102 1781250
965002 1656250
965902 1718750
966802 1718750
967702 1734375
968602 1625000
969502 1656250
970402 1750000
971302 1656250
972202 1656250
973102 1687500
974002 1781250
974902 1750000
975802 1750000
976702 1718750
977602 1734375
978502 1671875
979402 1765625
980302 1734375
981202 1671875
982102 1734375
983002 1687500
983902 1640625
984802 1718750
985702 1656250
986602 1765625
987502 1703125
988402 1718750
989302 1734375
990202 1734375
991102 1671875
992002 1750000
992902 1750000
993802 1765625
994702 1750000
995602 1750000
996502 1703125
997402 1656250
998302 1796875
999202 1781250
1000102 1781250
