2000
1 0
21 0
41 0
61 0
81 0
101 0
121 0
141 0
161 0
181 0
201 0
221 0
241 0
261 0
281 0
301 0
321 0
341 0
361 0
381 0
401 0
421 0
441 0
461 0
481 0
501 0
521 0
541 0
561 0
581 15625
601 0
621 0
641 0
661 0
681 0
701 0
721 0
741 0
761 0
781 0
801 0
821 0
841 0
861 0
881 0
901 0
921 0
941 0
961 0
981 0
1001 0
1021 15625
1041 0
1061 0
1081 0
1101 0
1121 0
1141 0
1161 0
1181 0
1201 0
1221 0
1241 0
1261 0
1281 0
1301 0
1321 0
1341 0
1361 0
1381 0
1401 0
1421 0
1441 0
1461 0
1481 0
1501 0
1521 0
1541 0
1561 0
1581 0
1601 0
1621 0
1641 0
1661 0
1681 0
1701 0
1721 0
1741 0
1761 0
1781 0
1801 0
1821 0
1841 0
1861 0
1881 0
1901 15625
1921 0
1941 15625
1961 0
1981 0
2001 0
2021 0
2041 0
2061 0
2081 0
2101 0
2121 0
2141 0
2161 0
2181 0
2201 0
2221 0
2241 0
2261 0
2281 0
2301 0
2321 0
2341 0
2361 0
2381 0
2401 0
2421 0
2441 0
2461 0
2481 0
2501 0
2521 0
2541 0
2561 0
2581 0
2601 0
2621 0
2641 0
2661 0
2681 15625
2701 0
2721 15625
2741 0
2761 15625
2781 0
2801 0
2821 0
2841 0
2861 0
2881 0
2901 0
2921 0
2941 15625
2961 0
2981 0
3001 0
3021 0
3041 0
3061 0
3081 0
3101 0
3121 0
3141 0
3161 0
3181 0
3201 0
3221 0
3241 0
3261 0
3281 0
3301 0
3321 0
3341 0
3361 0
3381 0
3401 0
3421 0
3441 0
3461 15625
3481 15625
3501 15625
3521 0
3541 0
3561 0
3581 0
3601 0
3621 15625
3641 0
3661 15625
3681 0
3701 0
3721 0
3741 15625
3761 0
3781 0
3801 0
3821 0
3841 0
3861 0
3881 0
3901 0
3921 0
3941 0
3961 0
3981 0
4001 0
4021 0
4041 0
4061 0
4081 0
4101 15625
4121 0
4141 0
4161 0
4181 0
4201 0
4221 0
4241 15625
4261 0
4281 0
4301 0
4321 0
4341 0
4361 15625
4381 0
4401 0
4421 0
4441 0
4461 15625
4481 15625
4501 15625
4521 0
4541 0
4561 0
4581 0
4601 0
4621 15625
4641 0
4661 0
4681 0
4701 0
4721 0
4741 0
4761 0
4781 0
4801 0
4821 0
4841 0
4861 15625
4881 0
4901 0
4921 0
4941 0
4961 0
4981 0
5001 15625
5021 0
5041 0
5061 0
5081 15625
5101 0
5121 0
5141 0
5161 0
5181 0
5201 0
5221 0
5241 0
5261 0
5281 15625
5301 0
5321 0
5341 15625
5361 0
5381 15625
5401 15625
5421 15625
5441 0
5461 0
5481 0
5501 0
5521 0
5541 0
5561 0
5581 0
5601 15625
5621 0
5641 0
5661 0
5681 15625
5701 0
5721 0
5741 0
5761 0
5781 0
5801 15625
5821 0
5841 0
5861 0
5881 0
5901 0
5921 0
5941 0
5961 0
5981 0
6001 0
6021 0
6041 0
6061 0
6081 0
6101 0
6121 15625
6141 0
6161 0
6181 0
6201 0
6221 0
6241 0
6261 0
6281 0
6301 0
6321 0
6341 0
6361 0
6381 0
6401 0
6421 0
6441 0
6461 0
6481 0
6501 15625
6521 15625
6541 15625
6561 0
6581 0
6601 0
6621 0
6641 15625
6661 0
6681 0
6701 0
6721 0
6741 0
6761 0
6781 0
6801 15625
6821 0
6841 0
6861 15625
6881 0
6901 0
6921 0
6941 15625
6961 15625
6981 0
7001 0
7021 0
7041 0
7061 0
7081 0
7101 0
7121 15625
7141 0
7161 0
7181 0
7201 0
7221 0
7241 0
7261 0
7281 0
7301 0
7321 0
7341 15625
7361 0
7381 0
7401 0
7421 15625
7441 0
7461 0
7481 0
7501 0
7521 0
7541 0
7561 0
7581 0
7601 0
7621 0
7641 15625
7661 0
7681 15625
7701 15625
7721 0
7741 0
7761 0
7781 0
7801 0
7821 0
7841 0
7861 0
7881 0
7901 0
7921 0
7941 0
7961 0
7981 0
8001 0
8021 0
8041 0
8061 0
8081 0
8101 0
8121 0
8141 0
8161 0
8181 0
8201 0
8221 15625
8241 0
8261 0
8281 0
8301 0
8321 0
8341 0
8361 0
8381 0
8401 0
8421 0
8441 0
8461 0
8481 0
8501 15625
8521 0
8541 0
8561 0
8581 0
8601 0
8621 15625
8641 0
8661 0
8681 15625
8701 0
8721 15625
8741 0
8761 0
8781 15625
8801 0
8821 0
8841 15625
8861 15625
8881 0
8901 0
8921 0
8941 0
8961 0
8981 15625
9001 0
9021 15625
9041 15625
9061 0
9081 0
9101 0
9121 0
9141 0
9161 0
9181 0
9201 0
9221 0
9241 0
9261 15625
9281 0
9301 0
9321 0
9341 0
9361 0
9381 0
9401 15625
9421 0
9441 15625
9461 15625
9481 0
9501 15625
9521 0
9541 15625
9561 0
9581 0
9601 0
9621 0
9641 0
9661 0
9681 15625
9701 0
9721 0
9741 0
9761 15625
9781 0
9801 0
9821 15625
9841 15625
9861 15625
9881 0
9901 15625
9921 0
9941 0
9961 0
9981 0
10001 0
10021 0
10041 0
10061 0
10081 15625
10101 0
10121 0
10141 15625
10161 0
10181 0
10201 0
10221 15625
10241 0
10261 0
10281 0
10301 0
10321 15625
10341 0
10361 15625
10381 0
10401 0
10421 0
10441 0
10461 0
10481 0
10501 0
10521 15625
10541 0
10561 15625
10581 0
10601 0
10621 0
10641 0
10661 0
10681 15625
10701 15625
10721 15625
10741 15625
10761 15625
10781 0
10801 15625
10821 15625
10841 0
10861 0
10881 15625
10901 15625
10921 0
10941 0
10961 0
10981 0
11001 0
11021 0
11041 15625
11061 0
11081 0
11101 0
11121 0
11141 15625
11161 0
11181 0
11201 0
11221 0
11241 0
11261 15625
11281 15625
11301 0
11321 0
11341 0
11361 0
11381 0
11401 15625
11421 15625
11441 0
11461 15625
11481 15625
11501 0
11521 0
11541 0
11561 0
11581 0
11601 15625
11621 15625
11641 0
11661 0
11681 0
11701 0
11721 0
11741 0
11761 15625
11781 0
11801 0
11821 0
11841 0
11861 0
11881 0
11901 0
11921 0
11941 15625
11961 15625
11981 15625
12001 0
12021 0
12041 0
12061 0
12081 0
12101 0
12121 0
12141 0
12161 15625
12181 0
12201 0
12221 15625
12241 15625
12261 0
12281 0
12301 0
12321 0
12341 15625
12361 15625
12381 0
12401 0
12421 0
12441 0
12461 0
12481 15625
12501 0
12521 15625
12541 0
12561 15625
12581 15625
12601 0
12621 0
12641 15625
12661 0
12681 15625
12701 0
12721 0
12741 15625
12761 0
12781 0
12801 15625
12821 15625
12841 0
12861 0
12881 0
12901 0
12921 0
12941 15625
12961 15625
12981 15625
13001 0
13021 15625
13041 0
13061 0
13081 15625
13101 0
13121 15625
13141 0
13161 15625
13181 15625
13201 0
13221 0
13241 15625
13261 0
13281 15625
13301 15625
13321 15625
13341 15625
13361 0
13381 15625
13401 0
13421 15625
13441 0
13461 0
13481 15625
13501 0
13521 15625
13541 15625
13561 0
13581 0
13601 0
13621 0
13641 15625
13661 15625
13681 0
13701 15625
13721 15625
13741 0
13761 0
13781 15625
13801 0
13821 15625
13841 0
13861 0
13881 15625
13901 0
13921 0
13941 15625
13961 15625
13981 0
14001 15625
14021 0
14041 0
14061 0
14081 15625
14101 15625
14121 0
14141 15625
14161 0
14181 0
14201 0
14221 0
14241 0
14261 15625
14281 0
14301 0
14321 15625
14341 15625
14361 0
14381 15625
14401 15625
14421 0
14441 15625
14461 15625
14481 15625
14501 0
14521 15625
14541 15625
14561 15625
14581 0
14601 0
14621 0
14641 15625
14661 15625
14681 0
14701 15625
14721 15625
14741 0
14761 0
14781 0
14801 15625
14821 0
14841 0
14861 15625
14881 0
14901 15625
14921 0
14941 15625
14961 0
14981 15625
15001 0
15021 15625
15041 15625
15061 0
15081 0
15101 15625
15121 15625
15141 0
15161 0
15181 0
15201 0
15221 0
15241 15625
15261 0
15281 0
15301 0
15321 0
15341 15625
15361 0
15381 0
15401 15625
15421 15625
15441 0
15461 0
15481 15625
15501 0
15521 15625
15541 0
15561 15625
15581 15625
15601 0
15621 0
15641 0
15661 0
15681 15625
15701 15625
15721 0
15741 0
15761 15625
15781 0
15801 0
15821 15625
15841 15625
15861 15625
15881 0
15901 0
15921 15625
15941 0
15961 15625
15981 15625
16001 0
16021 0
16041 0
16061 15625
16081 0
16101 0
16121 15625
16141 0
16161 15625
16181 15625
16201 15625
16221 0
16241 0
16261 0
16281 0
16301 0
16321 15625
16341 15625
16361 0
16381 0
16401 0
16421 15625
16441 0
16461 0
16481 15625
16501 0
16521 0
16541 0
16561 0
16581 15625
16601 0
16621 0
16641 0
16661 0
16681 0
16701 0
16721 15625
16741 15625
16761 15625
16781 0
16801 15625
16821 0
16841 0
16861 15625
16881 0
16901 0
16921 0
16941 0
16961 0
16981 0
17001 15625
17021 15625
17041 0
17061 15625
17081 0
17101 15625
17121 15625
17141 15625
17161 15625
17181 0
17201 15625
17221 0
17241 0
17261 0
17281 0
17301 15625
17321 0
17341 0
17361 15625
17381 15625
17401 0
17421 15625
17441 0
17461 15625
17481 0
17501 0
17521 0
17541 0
17561 15625
17581 0
17601 15625
17621 0
17641 0
17661 15625
17681 15625
17701 0
17721 0
17741 15625
17761 0
17781 0
17801 15625
17821 15625
17841 0
17861 15625
17881 15625
17901 0
17921 0
17941 15625
17961 0
17981 0
18001 15625
18021 0
18041 15625
18061 15625
18081 0
18101 15625
18121 0
18141 15625
18161 0
18181 15625
18201 15625
18221 15625
18241 15625
18261 0
18281 0
18301 15625
18321 0
18341 15625
18361 0
18381 0
18401 15625
18421 15625
18441 15625
18461 15625
18481 0
18501 0
18521 0
18541 15625
18561 15625
18581 15625
18601 0
18621 15625
18641 15625
18661 15625
18681 0
18701 0
18721 15625
18741 15625
18761 15625
18781 15625
18801 15625
18821 15625
18841 0
18861 0
18881 15625
18901 0
18921 0
18941 15625
18961 0
18981 15625
19001 0
19021 0
19041 15625
19061 0
19081 0
19101 0
19121 15625
19141 0
19161 0
19181 0
19201 0
19221 15625
19241 0
19261 15625
19281 15625
19301 0
19321 0
19341 15625
19361 0
19381 15625
19401 0
19421 15625
19441 0
19461 0
19481 15625
19501 15625
19521 15625
19541 0
19561 15625
19581 15625
19601 0
19621 0
19641 15625
19661 0
19681 0
19701 0
19721 0
19741 15625
19761 15625
19781 0
19801 15625
19821 0
19841 0
19861 0
19881 0
19901 0
19921 0
19941 0
19961 0
19981 15625
20001 15625
20002 15625
20902 15625
21802 15625
22702 15625
23602 15625
24502 15625
25402 15625
26302 15625
27202 0
28102 15625
29002 15625
29902 15625
30802 15625
31702 15625
32602 15625
33502 15625
34402 15625
35302 15625
36202 15625
37102 15625
38002 15625
38902 31250
39802 15625
40702 15625
41602 15625
42502 15625
43402 15625
44302 15625
45202 15625
46102 31250
47002 31250
47902 15625
48802 15625
49702 15625
50602 31250
51502 15625
52402 31250
53302 15625
54202 31250
55102 31250
56002 31250
56902 15625
57802 31250
58702 15625
59602 15625
60502 31250
61402 15625
62302 31250
63202 46875
64102 31250
65002 31250
65902 31250
66802 31250
67702 31250
68602 15625
69502 15625
70402 31250
71302 31250
72202 46875
73102 31250
74002 31250
74902 31250
75802 31250
76702 46875
77602 31250
78502 31250
79402 31250
80302 31250
81202 46875
82102 46875
83002 31250
83902 31250
84802 31250
85702 46875
86602 46875
87502 46875
88402 31250
89302 46875
90202 31250
91102 46875
92002 46875
92902 62500
93802 46875
94702 46875
95602 46875
96502 31250
97402 46875
98302 46875
99202 31250
100102 46875
101002 62500
101902 31250
102802 46875
103702 46875
104602 46875
105502 46875
106402 46875
107302 46875
108202 46875
109102 46875
110002 46875
110902 46875
111802 46875
112702 62500
113602 46875
114502 78125
115402 46875
116302 62500
117202 62500
118102 46875
119002 46875
119902 62500
120802 46875
121702 62500
122602 46875
123502 62500
124402 62500
125302 78125
126202 46875
127102 46875
128002 78125
128902 62500
129802 62500
130702 62500
131602 62500
132502 62500
133402 62500
134302 78125
135202 62500
136102 62500
137002 46875
137902 62500
138802 78125
139702 62500
140602 62500
141502 62500
142402 78125
143302 62500
144202 78125
145102 62500
146002 62500
146902 62500
147802 62500
148702 93750
149602 62500
150502 62500
151402 62500
152302 62500
153202 62500
154102 93750
155002 78125
155902 109375
156802 62500
157702 78125
158602 62500
159502 78125
160402 62500
161302 78125
162202 78125
163102 62500
164002 62500
164902 62500
165802 78125
166702 109375
167602 93750
168502 78125
169402 78125
170302 78125
171202 78125
172102 78125
173002 93750
173902 78125
174802 78125
175702 93750
176602 78125
177502 93750
178402 93750
179302 109375
180202 93750
181102 93750
182002 93750
182902 93750
183802 78125
184702 78125
185602 109375
186502 78125
187402 93750
188302 78125
189202 93750
190102 93750
191002 93750
191902 125000
192802 109375
193702 78125
194602 93750
195502 78125
196402 78125
197302 109375
198202 93750
199102 93750
200002 93750
200902 93750
201802 93750
202702 125000
203602 78125
204502 93750
205402 109375
206302 93750
207202 93750
208102 109375
209002 109375
209902 125000
210802 93750
211702 93750
212602 140625
213502 109375
214402 109375
215302 109375
216202 156250
217102 93750
218002 125000
218902 109375
219802 109375
220702 125000
221602 140625
222502 109375
223402 140625
224302 109375
225202 109375
226102 109375
227002 93750
227902 125000
228802 125000
229702 109375
230602 109375
231502 109375
232402 109375
233302 109375
234202 109375
235102 125000
236002 109375
236902 109375
237802 156250
238702 140625
239602 109375
240502 109375
241402 125000
242302 125000
243202 109375
244102 109375
245002 125000
245902 109375
246802 125000
247702 109375
248602 109375
249502 125000
250402 140625
251302 125000
252202 140625
253102 109375
254002 125000
254902 109375
255802 109375
256702 125000
257602 125000
258502 109375
259402 125000
260302 125000
261202 125000
262102 125000
263002 140625
263902 156250
264802 125000
265702 125000
266602 140625
267502 125000
268402 125000
269302 125000
270202 125000
271102 125000
272002 125000
272902 125000
273802 140625
274702 125000
275602 140625
276502 140625
277402 140625
278302 156250
279202 125000
280102 125000
281002 125000
281902 140625
282802 125000
283702 140625
284602 140625
285502 171875
286402 140625
287302 156250
288202 125000
289102 140625
290002 140625
290902 156250
291802 125000
292702 187500
293602 140625
294502 125000
295402 140625
296302 140625
297202 140625
298102 140625
299002 140625
299902 140625
300802 140625
301702 140625
302602 156250
303502 156250
304402 156250
305302 156250
306202 187500
307102 156250
308002 140625
308902 140625
309802 140625
310702 140625
311602 156250
312502 187500
313402 171875
314302 156250
315202 171875
316102 171875
317002 156250
317902 187500
318802 156250
319702 156250
320602 187500
321502 171875
322402 140625
323302 156250
324202 187500
325102 156250
326002 156250
326902 156250
327802 156250
328702 156250
329602 156250
330502 156250
331402 171875
332302 156250
333202 156250
334102 187500
335002 156250
335902 156250
336802 156250
337702 156250
338602 156250
339502 171875
340402 218750
341302 171875
342202 156250
343102 156250
344002 171875
344902 156250
345802 171875
346702 156250
347602 203125
348502 187500
349402 171875
350302 171875
351202 171875
352102 187500
353002 171875
353902 171875
354802 171875
355702 171875
356602 187500
357502 156250
358402 187500
359302 171875
360202 203125
361102 218750
362002 171875
362902 171875
363802 218750
364702 171875
365602 187500
366502 171875
367402 203125
368302 171875
369202 171875
370102 171875
371002 203125
371902 187500
372802 234375
373702 187500
374602 187500
375502 187500
376402 187500
377302 171875
378202 187500
379102 203125
380002 171875
380902 187500
381802 187500
382702 187500
383602 187500
384502 203125
385402 187500
386302 187500
387202 187500
388102 171875
389002 234375
389902 203125
390802 187500
391702 187500
392602 187500
393502 203125
394402 187500
395302 187500
396202 187500
397102 265625
398002 218750
398902 187500
399802 234375
400702 187500
401602 187500
402502 203125
403402 187500
404302 203125
405202 187500
406102 187500
407002 187500
407902 187500
408802 250000
409702 187500
410602 187500
411502 218750
412402 203125
413302 234375
414202 234375
415102 218750
416002 187500
416902 203125
417802 203125
418702 234375
419602 203125
420502 234375
421402 203125
422302 187500
423202 203125
424102 203125
425002 203125
425902 203125
426802 203125
427702 203125
428602 203125
429502 203125
430402 203125
431302 203125
432202 234375
433102 218750
434002 218750
434902 203125
435802 218750
436702 203125
437602 218750
438502 203125
439402 218750
440302 203125
441202 265625
442102 234375
443002 203125
443902 218750
444802 218750
445702 218750
446602 218750
447502 250000
448402 203125
449302 218750
450202 234375
451102 218750
452002 218750
452902 234375
453802 218750
454702 234375
455602 265625
456502 218750
457402 234375
458302 218750
459202 218750
460102 234375
461002 250000
461902 218750
462802 234375
463702 250000
464602 218750
465502 218750
466402 218750
467302 234375
468202 234375
469102 218750
470002 218750
470902 218750
471802 250000
472702 234375
473602 218750
474502 234375
475402 250000
476302 234375
477202 234375
478102 234375
479002 234375
479902 296875
480802 234375
481702 250000
482602 250000
483502 234375
484402 218750
485302 265625
486202 281250
487102 265625
488002 312500
488902 296875
489802 234375
490702 234375
491602 234375
492502 234375
493402 234375
494302 234375
495202 250000
496102 234375
497002 234375
497902 234375
498802 312500
499702 234375
500602 281250
501502 312500
502402 296875
503302 250000
504202 234375
505102 250000
506002 234375
506902 281250
507802 250000
508702 250000
509602 250000
510502 234375
511402 296875
512302 281250
513202 250000
514102 250000
515002 250000
515902 250000
516802 250000
517702 312500
518602 250000
519502 343750
520402 250000
521302 250000
522202 250000
523102 250000
524002 265625
524902 250000
525802 250000
526702 296875
527602 296875
528502 250000
529402 343750
530302 265625
531202 281250
532102 281250
533002 265625
533902 250000
534802 296875
535702 296875
536602 265625
537502 265625
538402 265625
539302 265625
540202 265625
541102 265625
542002 265625
542902 281250
543802 265625
544702 312500
545602 281250
546502 250000
547402 265625
548302 281250
549202 265625
550102 265625
551002 312500
551902 312500
552802 328125
553702 312500
554602 296875
555502 312500
556402 265625
557302 281250
558202 281250
559102 296875
560002 312500
560902 312500
561802 312500
562702 296875
563602 328125
564502 328125
565402 281250
566302 281250
567202 359375
568102 328125
569002 312500
569902 281250
570802 359375
571702 281250
572602 281250
573502 281250
574402 281250
575302 281250
576202 281250
577102 281250
578002 375000
578902 359375
579802 281250
580702 281250
581602 281250
582502 359375
583402 343750
584302 296875
585202 343750
586102 312500
587002 281250
587902 296875
588802 343750
589702 390625
590602 328125
591502 328125
592402 296875
593302 312500
594202 328125
595102 296875
596002 296875
596902 296875
597802 343750
598702 328125
599602 296875
600502 343750
601402 375000
602302 281250
603202 390625
604102 328125
605002 296875
605902 296875
606802 296875
607702 296875
608602 296875
609502 390625
610402 343750
611302 312500
612202 312500
613102 328125
614002 390625
614902 312500
615802 375000
616702 343750
617602 328125
618502 328125
619402 312500
620302 375000
621202 312500
622102 312500
623002 312500
623902 375000
624802 343750
625702 312500
626602 312500
627502 312500
628402 312500
629302 312500
630202 312500
631102 312500
632002 312500
632902 312500
633802 375000
634702 328125
635602 312500
636502 343750
637402 328125
638302 343750
639202 484375
640102 312500
641002 359375
641902 359375
642802 328125
643702 359375
644602 312500
645502 359375
646402 328125
647302 375000
648202 312500
649102 312500
650002 390625
650902 343750
651802 328125
652702 328125
653602 328125
654502 406250
655402 328125
656302 328125
657202 328125
658102 390625
659002 343750
659902 390625
660802 359375
661702 375000
662602 343750
663502 406250
664402 390625
665302 328125
666202 328125
667102 406250
668002 421875
668902 328125
669802 375000
670702 421875
671602 328125
672502 343750
673402 375000
674302 328125
675202 343750
676102 343750
677002 343750
677902 343750
678802 343750
679702 343750
680602 328125
681502 359375
682402 390625
683302 343750
684202 375000
685102 343750
686002 421875
686902 406250
687802 484375
688702 343750
689602 343750
690502 343750
691402 359375
692302 343750
693202 375000
694102 343750
695002 359375
695902 359375
696802 343750
697702 359375
698602 406250
699502 343750
700402 343750
701302 437500
702202 359375
703102 343750
704002 437500
704902 359375
705802 421875
706702 390625
707602 343750
708502 421875
709402 359375
710302 343750
711202 406250
712102 453125
713002 375000
713902 375000
714802 390625
715702 437500
716602 390625
717502 468750
718402 375000
719302 390625
720202 359375
721102 359375
722002 359375
722902 375000
723802 375000
724702 421875
725602 375000
726502 359375
727402 359375
728302 375000
729202 359375
730102 359375
731002 390625
731902 375000
732802 359375
733702 390625
734602 359375
735502 359375
736402 375000
737302 468750
738202 375000
739102 453125
740002 375000
740902 375000
741802 375000
742702 437500
743602 406250
744502 359375
745402 406250
746302 375000
747202 375000
748102 375000
749002 390625
749902 406250
750802 390625
751702 406250
752602 375000
753502 390625
754402 406250
755302 406250
756202 437500
757102 375000
758002 375000
758902 406250
759802 375000
760702 390625
761602 375000
762502 390625
763402 453125
764302 437500
765202 375000
766102 421875
767002 390625
767902 406250
768802 406250
769702 453125
770602 390625
771502 437500
772402 453125
773302 468750
774202 390625
775102 421875
776002 390625
776902 375000
777802 406250
778702 390625
779602 437500
780502 406250
781402 437500
782302 421875
783202 437500
784102 406250
785002 390625
785902 390625
786802 390625
787702 390625
788602 421875
789502 437500
790402 437500
791302 484375
792202 468750
793102 437500
794002 484375
794902 453125
795802 484375
796702 500000
797602 468750
798502 484375
799402 421875
800302 453125
801202 390625
802102 406250
803002 421875
803902 437500
804802 421875
805702 453125
806602 484375
807502 406250
808402 468750
809302 406250
810202 437500
811102 484375
812002 406250
812902 406250
813802 406250
814702 484375
815602 421875
816502 421875
817402 453125
818302 406250
819202 437500
820102 406250
821002 421875
821902 437500
822802 500000
823702 406250
824602 437500
825502 515625
826402 421875
827302 531250
828202 468750
829102 500000
830002 484375
830902 421875
831802 468750
832702 437500
833602 421875
834502 500000
835402 421875
836302 500000
837202 468750
838102 453125
839002 421875
839902 421875
840802 421875
841702 421875
842602 437500
843502 500000
844402 437500
845302 484375
846202 468750
847102 453125
848002 437500
848902 500000
849802 437500
850702 453125
851602 437500
852502 437500
853402 453125
854302 453125
855202 484375
856102 437500
857002 437500
857902 578125
858802 437500
859702 453125
860602 453125
861502 453125
862402 453125
863302 453125
864202 437500
865102 437500
866002 1468750
866902 484375
867802 437500
868702 484375
869602 500000
870502 421875
871402 484375
872302 437500
873202 453125
874102 468750
875002 515625
875902 500000
876802 546875
877702 531250
878602 484375
879502 468750
880402 468750
881302 562500
882202 453125
883102 484375
884002 515625
884902 531250
885802 546875
886702 484375
887602 468750
888502 453125
889402 500000
890302 531250
891202 484375
892102 484375
893002 546875
893902 468750
894802 546875
895702 453125
896602 484375
897502 531250
898402 578125
899302 484375
900202 484375
901102 468750
902002 453125
902902 531250
903802 468750
904702 453125
905602 484375
906502 515625
907402 468750
908302 453125
909202 515625
910102 546875
911002 484375
911902 515625
912802 546875
913702 468750
914602 468750
915502 500000
916402 562500
917302 562500
918202 578125
919102 515625
920002 468750
920902 468750
921802 484375
922702 562500
923602 531250
924502 562500
925402 468750
926302 468750
927202 468750
928102 578125
929002 515625
929902 484375
930802 484375
931702 546875
932602 468750
933502 546875
934402 500000
935302 593750
936202 515625
937102 484375
938002 484375
938902 484375
939802 484375
940702 546875
941602 593750
942502 484375
943402 531250
944302 515625
945202 562500
946102 671875
947002 718750
947902 734375
948802 531250
949702 593750
950602 484375
951502 562500
952402 531250
953302 500000
954202 562500
955102 593750
956002 484375
956902 484375
957802 609375
958702 500000
959602 640625
960502 484375
961402 500000
962302 484375
963202 531250
964102 578125
965002 515625
965902 515625
966802 484375
967702 515625
968602 562500
969502 484375
970402 484375
971302 578125
972202 593750
973102 484375
974002 500000
974902 500000
975802 609375
976702 531250
977602 578125
978502 562500
979402 515625
980302 500000
981202 500000
982102 609375
983002 578125
983902 531250
984802 515625
985702 609375
986602 515625
987502 593750
988402 578125
989302 500000
990202 546875
991102 531250
992002 500000
992902 562500
993802 562500
994702 515625
995602 546875
996502 625000
997402 515625
998302 562500
999202 546875
1000102 593750
