2000
1 0
21 0
41 0
61 0
81 0
101 0
121 0
141 0
161 0
181 0
201 0
221 0
241 0
261 0
281 0
301 0
321 0
341 0
361 0
381 0
401 0
421 0
441 0
461 0
481 0
501 0
521 0
541 0
561 15625
581 0
601 0
621 0
641 0
661 0
681 0
701 0
721 0
741 0
761 0
781 0
801 0
821 0
841 0
861 0
881 0
901 0
921 15625
941 0
961 0
981 0
1001 0
1021 0
1041 0
1061 0
1081 0
1101 15625
1121 0
1141 0
1161 0
1181 0
1201 0
1221 0
1241 0
1261 0
1281 0
1301 0
1321 0
1341 0
1361 0
1381 0
1401 0
1421 0
1441 0
1461 0
1481 0
1501 0
1521 0
1541 0
1561 0
1581 0
1601 0
1621 0
1641 0
1661 0
1681 0
1701 0
1721 0
1741 0
1761 0
1781 0
1801 0
1821 0
1841 0
1861 0
1881 0
1901 0
1921 0
1941 0
1961 0
1981 0
2001 0
2021 0
2041 0
2061 0
2081 0
2101 0
2121 0
2141 0
2161 0
2181 15625
2201 15625
2221 0
2241 0
2261 0
2281 0
2301 0
2321 0
2341 0
2361 0
2381 0
2401 15625
2421 0
2441 0
2461 0
2481 0
2501 0
2521 0
2541 0
2561 0
2581 0
2601 0
2621 0
2641 0
2661 0
2681 0
2701 0
2721 0
2741 0
2761 0
2781 0
2801 15625
2821 0
2841 0
2861 0
2881 0
2901 0
2921 0
2941 0
2961 0
2981 0
3001 0
3021 0
3041 0
3061 0
3081 15625
3101 0
3121 0
3141 0
3161 0
3181 0
3201 0
3221 0
3241 0
3261 0
3281 0
3301 0
3321 0
3341 0
3361 0
3381 15625
3401 0
3421 0
3441 15625
3461 0
3481 0
3501 0
3521 0
3541 0
3561 0
3581 0
3601 0
3621 0
3641 0
3661 0
3681 0
3701 0
3721 15625
3741 0
3761 15625
3781 0
3801 0
3821 15625
3841 0
3861 0
3881 15625
3901 15625
3921 0
3941 0
3961 15625
3981 0
4001 15625
4021 0
4041 0
4061 0
4081 0
4101 0
4121 0
4141 15625
4161 0
4181 0
4201 0
4221 15625
4241 0
4261 0
4281 0
4301 0
4321 0
4341 15625
4361 0
4381 0
4401 0
4421 0
4441 0
4461 0
4481 0
4501 0
4521 15625
4541 0
4561 0
4581 0
4601 0
4621 0
4641 0
4661 0
4681 0
4701 0
4721 0
4741 0
4761 0
4781 15625
4801 0
4821 15625
4841 0
4861 0
4881 0
4901 0
4921 0
4941 0
4961 0
4981 0
5001 0
5021 0
5041 0
5061 0
5081 0
5101 0
5121 0
5141 0
5161 0
5181 0
5201 15625
5221 0
5241 0
5261 15625
5281 0
5301 0
5321 0
5341 0
5361 0
5381 15625
5401 0
5421 0
5441 0
5461 15625
5481 15625
5501 0
5521 0
5541 0
5561 0
5581 0
5601 0
5621 0
5641 15625
5661 15625
5681 0
5701 0
5721 0
5741 15625
5761 0
5781 0
5801 15625
5821 0
5841 0
5861 15625
5881 15625
5901 15625
5921 0
5941 0
5961 0
5981 0
6001 0
6021 15625
6041 15625
6061 0
6081 0
6101 0
6121 15625
6141 15625
6161 0
6181 0
6201 0
6221 0
6241 0
6261 15625
6281 0
6301 0
6321 0
6341 0
6361 0
6381 15625
6401 15625
6421 15625
6441 15625
6461 0
6481 0
6501 15625
6521 0
6541 0
6561 0
6581 0
6601 0
6621 0
6641 15625
6661 0
6681 0
6701 0
6721 0
6741 0
6761 0
6781 15625
6801 0
6821 15625
6841 0
6861 0
6881 0
6901 0
6921 0
6941 0
6961 0
6981 0
7001 0
7021 0
7041 0
7061 0
7081 0
7101 0
7121 0
7141 0
7161 0
7181 15625
7201 15625
7221 0
7241 0
7261 15625
7281 15625
7301 0
7321 15625
7341 15625
7361 0
7381 0
7401 15625
7421 0
7441 15625
7461 0
7481 0
7501 0
7521 0
7541 0
7561 0
7581 15625
7601 0
7621 15625
7641 0
7661 15625
7681 0
7701 0
7721 15625
7741 0
7761 0
7781 15625
7801 0
7821 0
7841 15625
7861 0
7881 0
7901 15625
7921 15625
7941 15625
7961 0
7981 15625
8001 15625
8021 0
8041 0
8061 15625
8081 0
8101 0
8121 15625
8141 0
8161 0
8181 15625
8201 0
8221 15625
8241 0
8261 15625
8281 0
8301 0
8321 15625
8341 15625
8361 0
8381 15625
8401 0
8421 0
8441 0
8461 0
8481 0
8501 0
8521 15625
8541 15625
8561 15625
8581 0
8601 0
8621 0
8641 0
8661 0
8681 15625
8701 15625
8721 0
8741 0
8761 15625
8781 15625
8801 0
8821 0
8841 15625
8861 15625
8881 0
8901 0
8921 15625
8941 0
8961 0
8981 15625
9001 0
9021 15625
9041 0
9061 0
9081 15625
9101 0
9121 0
9141 15625
9161 0
9181 0
9201 15625
9221 0
9241 15625
9261 0
9281 0
9301 15625
9321 0
9341 0
9361 0
9381 0
9401 0
9421 15625
9441 0
9461 15625
9481 0
9501 15625
9521 0
9541 0
9561 15625
9581 15625
9601 0
9621 0
9641 0
9661 0
9681 0
9701 0
9721 0
9741 0
9761 0
9781 15625
9801 15625
9821 0
9841 15625
9861 0
9881 0
9901 0
9921 15625
9941 15625
9961 0
9981 0
10001 0
10021 0
10041 0
10061 0
10081 0
10101 15625
10121 0
10141 15625
10161 0
10181 0
10201 0
10221 0
10241 15625
10261 15625
10281 0
10301 0
10321 0
10341 0
10361 15625
10381 0
10401 15625
10421 0
10441 15625
10461 0
10481 0
10501 0
10521 0
10541 0
10561 0
10581 0
10601 0
10621 15625
10641 15625
10661 0
10681 15625
10701 15625
10721 0
10741 0
10761 15625
10781 15625
10801 0
10821 0
10841 0
10861 15625
10881 0
10901 0
10921 15625
10941 0
10961 0
10981 0
11001 0
11021 0
11041 0
11061 0
11081 0
11101 0
11121 15625
11141 15625
11161 0
11181 15625
11201 0
11221 0
11241 15625
11261 0
11281 0
11301 0
11321 0
11341 15625
11361 15625
11381 0
11401 15625
11421 0
11441 0
11461 15625
11481 0
11501 0
11521 0
11541 15625
11561 0
11581 0
11601 15625
11621 0
11641 0
11661 15625
11681 0
11701 0
11721 0
11741 0
11761 15625
11781 15625
11801 15625
11821 0
11841 0
11861 15625
11881 0
11901 15625
11921 0
11941 0
11961 0
11981 15625
12001 0
12021 15625
12041 0
12061 15625
12081 15625
12101 15625
12121 15625
12141 15625
12161 15625
12181 15625
12201 0
12221 15625
12241 15625
12261 0
12281 15625
12301 15625
12321 0
12341 0
12361 0
12381 0
12401 0
12421 15625
12441 0
12461 15625
12481 0
12501 0
12521 0
12541 0
12561 15625
12581 15625
12601 0
12621 0
12641 15625
12661 0
12681 15625
12701 15625
12721 0
12741 15625
12761 0
12781 0
12801 0
12821 0
12841 0
12861 15625
12881 0
12901 15625
12921 15625
12941 0
12961 15625
12981 0
13001 15625
13021 15625
13041 0
13061 0
13081 0
13101 15625
13121 0
13141 0
13161 15625
13181 0
13201 0
13221 0
13241 0
13261 0
13281 15625
13301 0
13321 0
13341 15625
13361 0
13381 0
13401 0
13421 0
13441 0
13461 15625
13481 0
13501 0
13521 0
13541 15625
13561 0
13581 0
13601 0
13621 15625
13641 15625
13661 0
13681 0
13701 0
13721 0
13741 0
13761 15625
13781 0
13801 0
13821 15625
13841 0
13861 0
13881 0
13901 0
13921 0
13941 0
13961 15625
13981 0
14001 15625
14021 0
14041 0
14061 0
14081 15625
14101 0
14121 0
14141 15625
14161 15625
14181 15625
14201 0
14221 0
14241 15625
14261 0
14281 0
14301 0
14321 0
14341 15625
14361 15625
14381 15625
14401 15625
14421 15625
14441 15625
14461 15625
14481 0
14501 15625
14521 0
14541 15625
14561 15625
14581 15625
14601 15625
14621 0
14641 0
14661 15625
14681 0
14701 15625
14721 15625
14741 15625
14761 15625
14781 15625
14801 15625
14821 0
14841 0
14861 0
14881 15625
14901 0
14921 15625
14941 15625
14961 15625
14981 15625
15001 15625
15021 0
15041 15625
15061 0
15081 15625
15101 15625
15121 15625
15141 15625
15161 15625
15181 0
15201 0
15221 15625
15241 15625
15261 15625
15281 15625
15301 0
15321 0
15341 0
15361 15625
15381 0
15401 0
15421 15625
15441 15625
15461 15625
15481 15625
15501 0
15521 0
15541 15625
15561 0
15581 0
15601 15625
15621 15625
15641 0
15661 15625
15681 15625
15701 0
15721 0
15741 15625
15761 0
15781 0
15801 0
15821 15625
15841 15625
15861 15625
15881 0
15901 15625
15921 15625
15941 15625
15961 0
15981 0
16001 15625
16021 0
16041 0
16061 0
16081 15625
16101 15625
16121 0
16141 0
16161 15625
16181 0
16201 0
16221 15625
16241 0
16261 0
16281 0
16301 15625
16321 15625
16341 15625
16361 0
16381 0
16401 15625
16421 15625
16441 15625
16461 15625
16481 15625
16501 15625
16521 15625
16541 15625
16561 15625
16581 15625
16601 15625
16621 0
16641 0
16661 0
16681 0
16701 15625
16721 15625
16741 15625
16761 15625
16781 0
16801 15625
16821 15625
16841 0
16861 0
16881 0
16901 0
16921 15625
16941 15625
16961 0
16981 15625
17001 0
17021 15625
17041 0
17061 15625
17081 15625
17101 0
17121 15625
17141 15625
17161 15625
17181 0
17201 0
17221 15625
17241 15625
17261 15625
17281 15625
17301 15625
17321 0
17341 0
17361 15625
17381 0
17401 15625
17421 15625
17441 0
17461 15625
17481 15625
17501 15625
17521 15625
17541 15625
17561 15625
17581 15625
17601 0
17621 15625
17641 0
17661 15625
17681 15625
17701 15625
17721 0
17741 0
17761 0
17781 15625
17801 0
17821 0
17841 15625
17861 15625
17881 15625
17901 15625
17921 15625
17941 0
17961 0
17981 15625
18001 15625
18021 15625
18041 0
18061 15625
18081 15625
18101 15625
18121 0
18141 15625
18161 0
18181 15625
18201 0
18221 0
18241 15625
18261 0
18281 15625
18301 0
18321 15625
18341 15625
18361 15625
18381 15625
18401 0
18421 15625
18441 15625
18461 0
18481 0
18501 0
18521 15625
18541 15625
18561 15625
18581 15625
18601 0
18621 15625
18641 15625
18661 15625
18681 0
18701 15625
18721 15625
18741 0
18761 0
18781 0
18801 15625
18821 0
18841 15625
18861 15625
18881 15625
18901 0
18921 0
18941 15625
18961 15625
18981 15625
19001 0
19021 15625
19041 0
19061 15625
19081 0
19101 15625
19121 0
19141 15625
19161 15625
19181 15625
19201 0
19221 15625
19241 0
19261 15625
19281 15625
19301 0
19321 0
19341 0
19361 0
19381 15625
19401 15625
19421 0
19441 15625
19461 15625
19481 15625
19501 15625
19521 0
19541 15625
19561 0
19581 15625
19601 15625
19621 15625
19641 15625
19661 0
19681 15625
19701 0
19721 15625
19741 0
19761 15625
19781 15625
19801 15625
19821 15625
19841 0
19861 15625
19881 15625
19901 15625
19921 15625
19941 15625
19961 0
19981 15625
20001 15625
20002 15625
20902 15625
21802 15625
22702 15625
23602 15625
24502 15625
25402 15625
26302 0
27202 0
28102 15625
29002 15625
29902 15625
30802 15625
31702 15625
32602 15625
33502 15625
34402 15625
35302 31250
36202 31250
37102 15625
38002 15625
38902 15625
39802 15625
40702 15625
41602 15625
42502 31250
43402 15625
44302 31250
45202 15625
46102 31250
47002 31250
47902 15625
48802 31250
49702 46875
50602 31250
51502 31250
52402 15625
53302 31250
54202 31250
55102 31250
56002 31250
56902 31250
57802 31250
58702 31250
59602 31250
60502 31250
61402 31250
62302 31250
63202 31250
64102 31250
65002 46875
65902 31250
66802 31250
67702 46875
68602 46875
69502 46875
70402 62500
71302 46875
72202 46875
73102 46875
74002 46875
74902 46875
75802 46875
76702 46875
77602 46875
78502 46875
79402 46875
80302 46875
81202 46875
82102 46875
83002 46875
83902 62500
84802 46875
85702 46875
86602 46875
87502 62500
88402 46875
89302 46875
90202 46875
91102 46875
92002 62500
92902 46875
93802 62500
94702 62500
95602 62500
96502 62500
97402 62500
98302 62500
99202 62500
100102 46875
101002 78125
101902 46875
102802 62500
103702 62500
104602 62500
105502 62500
106402 62500
107302 62500
108202 62500
109102 78125
110002 62500
110902 62500
111802 62500
112702 62500
113602 62500
114502 78125
115402 62500
116302 93750
117202 62500
118102 93750
119002 62500
119902 62500
120802 78125
121702 78125
122602 93750
123502 62500
124402 62500
125302 78125
126202 62500
127102 78125
128002 78125
128902 78125
129802 78125
130702 62500
131602 78125
132502 78125
133402 78125
134302 93750
135202 109375
136102 78125
137002 109375
137902 78125
138802 78125
139702 78125
140602 78125
141502 109375
142402 93750
143302 93750
144202 93750
145102 93750
146002 109375
146902 78125
147802 78125
148702 78125
149602 93750
150502 78125
151402 93750
152302 93750
153202 93750
154102 93750
155002 93750
155902 125000
156802 78125
157702 93750
158602 125000
159502 93750
160402 125000
161302 93750
162202 93750
163102 109375
164002 125000
164902 109375
165802 109375
166702 109375
167602 109375
168502 93750
169402 109375
170302 93750
171202 93750
172102 93750
173002 109375
173902 125000
174802 109375
175702 125000
176602 109375
177502 109375
178402 140625
179302 109375
180202 125000
181102 109375
182002 125000
182902 125000
183802 125000
184702 109375
185602 109375
186502 125000
187402 125000
188302 109375
189202 140625
190102 125000
191002 109375
191902 109375
192802 109375
193702 125000
194602 125000
195502 125000
196402 156250
197302 140625
198202 125000
199102 171875
200002 156250
200902 125000
201802 171875
202702 125000
203602 125000
204502 125000
205402 140625
206302 125000
207202 125000
208102 140625
209002 125000
209902 156250
210802 125000
211702 171875
212602 140625
213502 156250
214402 140625
215302 156250
216202 125000
217102 125000
218002 140625
218902 171875
219802 125000
220702 140625
221602 140625
222502 203125
223402 140625
224302 140625
225202 171875
226102 140625
227002 140625
227902 156250
228802 140625
229702 140625
230602 156250
231502 171875
232402 140625
233302 203125
234202 140625
235102 140625
236002 140625
236902 140625
237802 156250
238702 156250
239602 171875
240502 156250
241402 156250
242302 140625
243202 187500
244102 171875
245002 156250
245902 156250
246802 156250
247702 171875
248602 171875
249502 156250
250402 156250
251302 218750
252202 171875
253102 156250
254002 171875
254902 156250
255802 156250
256702 171875
257602 203125
258502 203125
259402 156250
260302 171875
261202 171875
262102 156250
263002 156250
263902 156250
264802 171875
265702 156250
266602 171875
267502 171875
268402 171875
269302 203125
270202 171875
271102 203125
272002 171875
272902 171875
273802 171875
274702 171875
275602 156250
276502 218750
277402 171875
278302 218750
279202 187500
280102 218750
281002 171875
281902 218750
282802 187500
283702 187500
284602 187500
285502 187500
286402 171875
287302 312500
288202 234375
289102 171875
290002 234375
290902 187500
291802 187500
292702 187500
293602 203125
294502 187500
295402 234375
296302 187500
297202 171875
298102 187500
299002 187500
299902 187500
300802 203125
301702 187500
302602 187500
303502 234375
304402 187500
305302 187500
306202 203125
307102 187500
308002 218750
308902 250000
309802 203125
310702 265625
311602 203125
312502 250000
313402 187500
314302 203125
315202 187500
316102 203125
317002 203125
317902 218750
318802 218750
319702 250000
320602 218750
321502 218750
322402 203125
323302 203125
324202 203125
325102 218750
326002 218750
326902 203125
327802 218750
328702 265625
329602 203125
330502 218750
331402 203125
332302 218750
333202 203125
334102 218750
335002 250000
335902 218750
336802 218750
337702 218750
338602 234375
339502 203125
340402 234375
341302 218750
342202 218750
343102 234375
344002 234375
344902 250000
345802 250000
346702 218750
347602 218750
348502 250000
349402 234375
350302 218750
351202 234375
352102 218750
353002 218750
353902 250000
354802 234375
355702 218750
356602 250000
357502 218750
358402 250000
359302 234375
360202 265625
361102 250000
362002 234375
362902 234375
363802 234375
364702 250000
365602 250000
366502 234375
367402 281250
368302 281250
369202 265625
370102 265625
371002 234375
371902 250000
372802 234375
373702 234375
374602 234375
375502 234375
376402 281250
377302 250000
378202 281250
379102 234375
380002 234375
380902 234375
381802 234375
382702 265625
383602 250000
384502 234375
385402 296875
386302 281250
387202 265625
388102 234375
389002 281250
389902 250000
390802 250000
391702 250000
392602 312500
393502 250000
394402 250000
395302 265625
396202 281250
397102 250000
398002 250000
398902 250000
399802 281250
400702 265625
401602 265625
402502 265625
403402 250000
404302 281250
405202 265625
406102 265625
407002 265625
407902 265625
408802 265625
409702 312500
410602 265625
411502 265625
412402 312500
413302 265625
414202 265625
415102 265625
416002 265625
416902 281250
417802 296875
418702 343750
419602 296875
420502 265625
421402 265625
422302 281250
423202 281250
424102 281250
425002 281250
425902 265625
426802 296875
427702 281250
428602 281250
429502 312500
430402 265625
431302 265625
432202 281250
433102 281250
434002 281250
434902 281250
435802 281250
436702 281250
437602 296875
438502 281250
439402 296875
440302 312500
441202 281250
442102 281250
443002 312500
443902 281250
444802 296875
445702 281250
446602 296875
447502 312500
448402 296875
449302 281250
450202 296875
451102 296875
452002 359375
452902 281250
453802 296875
454702 296875
455602 296875
456502 281250
457402 296875
458302 296875
459202 296875
460102 296875
461002 296875
461902 328125
462802 296875
463702 328125
464602 296875
465502 296875
466402 390625
467302 328125
468202 296875
469102 312500
470002 312500
470902 359375
471802 343750
472702 343750
473602 406250
474502 296875
475402 296875
476302 343750
477202 312500
478102 375000
479002 328125
479902 312500
480802 359375
481702 312500
482602 312500
483502 406250
484402 343750
485302 312500
486202 312500
487102 312500
488002 312500
488902 328125
489802 312500
490702 375000
491602 390625
492502 312500
493402 312500
494302 359375
495202 328125
496102 375000
497002 312500
497902 343750
498802 312500
499702 312500
500602 359375
501502 328125
502402 343750
503302 328125
504202 328125
505102 437500
506002 375000
506902 343750
507802 343750
508702 328125
509602 421875
510502 328125
511402 343750
512302 390625
513202 359375
514102 359375
515002 328125
515902 359375
516802 328125
517702 359375
518602 375000
519502 359375
520402 343750
521302 328125
522202 453125
523102 359375
524002 421875
524902 421875
525802 375000
526702 375000
527602 343750
528502 343750
529402 343750
530302 343750
531202 343750
532102 343750
533002 343750
533902 343750
534802 375000
535702 406250
536602 343750
537502 359375
538402 375000
539302 406250
540202 421875
541102 359375
542002 390625
542902 406250
543802 390625
544702 359375
545602 421875
546502 375000
547402 437500
548302 421875
549202 390625
550102 375000
551002 375000
551902 453125
552802 359375
553702 375000
554602 453125
555502 359375
556402 437500
557302 375000
558202 375000
559102 390625
560002 453125
560902 375000
561802 390625
562702 375000
563602 453125
564502 406250
565402 375000
566302 406250
567202 390625
568102 421875
569002 375000
569902 406250
570802 375000
571702 390625
572602 468750
573502 375000
574402 437500
575302 437500
576202 468750
577102 468750
578002 437500
578902 468750
579802 375000
580702 468750
581602 390625
582502 484375
583402 375000
584302 421875
585202 437500
586102 421875
587002 406250
587902 390625
588802 406250
589702 468750
590602 390625
591502 390625
592402 468750
593302 437500
594202 437500
595102 453125
596002 421875
596902 406250
597802 421875
598702 390625
599602 406250
600502 421875
601402 468750
602302 421875
603202 406250
604102 453125
605002 406250
605902 484375
606802 453125
607702 406250
608602 406250
609502 718750
610402 437500
611302 406250
612202 515625
613102 421875
614002 515625
614902 500000
615802 421875
616702 437500
617602 421875
618502 421875
619402 453125
620302 468750
621202 421875
622102 421875
623002 437500
623902 453125
624802 421875
625702 421875
626602 453125
627502 500000
628402 531250
629302 421875
630202 421875
631102 484375
632002 515625
632902 421875
633802 468750
634702 562500
635602 437500
636502 406250
637402 515625
638302 437500
639202 437500
640102 437500
641002 484375
641902 468750
642802 500000
643702 421875
644602 437500
645502 546875
646402 468750
647302 515625
648202 453125
649102 437500
650002 437500
650902 437500
651802 468750
652702 484375
653602 468750
654502 578125
655402 531250
656302 484375
657202 562500
658102 437500
659002 437500
659902 453125
660802 484375
661702 562500
662602 437500
663502 468750
664402 531250
665302 484375
666202 453125
667102 437500
668002 531250
668902 468750
669802 546875
670702 484375
671602 468750
672502 515625
673402 484375
674302 453125
675202 453125
676102 531250
677002 515625
677902 453125
678802 468750
679702 453125
680602 515625
681502 515625
682402 546875
683302 453125
684202 562500
685102 453125
686002 484375
686902 578125
687802 453125
688702 453125
689602 468750
690502 484375
691402 484375
692302 468750
693202 468750
694102 500000
695002 609375
695902 500000
696802 593750
697702 531250
698602 546875
699502 500000
700402 468750
701302 562500
702202 500000
703102 468750
704002 484375
704902 515625
705802 484375
706702 515625
707602 484375
708502 468750
709402 484375
710302 484375
711202 546875
712102 531250
713002 500000
713902 500000
714802 484375
715702 484375
716602 484375
717502 531250
718402 468750
719302 484375
720202 546875
721102 500000
722002 609375
722902 500000
723802 546875
724702 515625
725602 593750
726502 515625
727402 562500
728302 531250
729202 484375
730102 484375
731002 500000
731902 500000
732802 546875
733702 671875
734602 515625
735502 578125
736402 593750
737302 515625
738202 625000
739102 546875
740002 609375
740902 500000
741802 515625
742702 625000
743602 609375
744502 515625
745402 546875
746302 593750
747202 500000
748102 500000
749002 500000
749902 609375
750802 562500
751702 609375
752602 515625
753502 625000
754402 515625
755302 531250
756202 500000
757102 500000
758002 515625
758902 640625
759802 515625
760702 515625
761602 593750
762502 562500
763402 593750
764302 515625
765202 625000
766102 515625
767002 515625
767902 531250
768802 515625
769702 515625
770602 671875
771502 562500
772402 531250
773302 531250
774202 593750
775102 531250
776002 531250
776902 531250
777802 671875
778702 640625
779602 546875
780502 546875
781402 531250
782302 578125
783202 531250
784102 593750
785002 546875
785902 562500
786802 546875
787702 609375
788602 640625
789502 640625
790402 531250
791302 578125
792202 640625
793102 531250
794002 640625
794902 625000
795802 546875
796702 546875
797602 546875
798502 609375
799402 562500
800302 625000
801202 656250
802102 546875
803002 640625
803902 593750
804802 687500
805702 562500
806602 546875
807502 687500
808402 640625
809302 593750
810202 562500
811102 609375
812002 546875
812902 578125
813802 578125
814702 546875
815602 562500
816502 625000
817402 578125
818302 609375
819202 656250
820102 609375
821002 593750
821902 593750
822802 578125
823702 656250
824602 671875
825502 593750
826402 625000
827302 593750
828202 562500
829102 671875
830002 609375
830902 656250
831802 578125
832702 593750
833602 640625
834502 593750
835402 625000
836302 578125
837202 593750
838102 578125
839002 656250
839902 578125
840802 687500
841702 609375
842602 562500
843502 625000
844402 671875
845302 578125
846202 765625
847102 640625
848002 578125
848902 718750
849802 578125
850702 640625
851602 578125
852502 703125
853402 656250
854302 687500
855202 609375
856102 656250
857002 609375
857902 671875
858802 593750
859702 578125
860602 625000
861502 750000
862402 703125
863302 593750
864202 593750
865102 734375
866002 593750
866902 750000
867802 671875
868702 718750
869602 625000
870502 593750
871402 609375
872302 609375
873202 593750
874102 671875
875002 625000
875902 593750
876802 656250
877702 656250
878602 750000
879502 687500
880402 656250
881302 687500
882202 609375
883102 625000
884002 593750
884902 609375
885802 640625
886702 734375
887602 812500
888502 609375
889402 796875
890302 609375
891202 640625
892102 703125
893002 625000
893902 609375
894802 734375
895702 640625
896602 609375
897502 671875
898402 734375
899302 625000
900202 718750
901102 609375
902002 656250
902902 687500
903802 687500
904702 656250
905602 625000
906502 671875
907402 734375
908302 750000
909202 625000
910102 625000
911002 625000
911902 656250
912802 640625
913702 734375
914602 640625
915502 734375
916402 703125
917302 796875
918202 750000
919102 734375
920002 765625
920902 671875
921802 750000
922702 640625
923602 765625
924502 765625
925402 656250
926302 750000
927202 703125
928102 703125
929002 640625
929902 765625
930802 718750
931702 687500
932602 640625
933502 671875
934402 687500
935302 671875
936202 656250
937102 843750
938002 656250
938902 734375
939802 640625
940702 687500
941602 796875
942502 656250
943402 750000
944302 750000
945202 843750
946102 1031250
947002 828125
947902 781250
948802 812500
949702 796875
950602 687500
951502 718750
952402 656250
953302 765625
954202 796875
955102 671875
956002 656250
956902 656250
957802 796875
958702 828125
959602 890625
960502 734375
961402 796875
962302 687500
963202 703125
964102 734375
965002 671875
965902 656250
966802 750000
967702 781250
968602 671875
969502 687500
970402 687500
971302 671875
972202 750000
973102 734375
974002 812500
974902 765625
975802 687500
976702 765625
977602 734375
978502 687500
979402 718750
980302 671875
981202 828125
982102 796875
983002 734375
983902 703125
984802 671875
985702 718750
986602 843750
987502 734375
988402 718750
989302 703125
990202 687500
991102 765625
992002 687500
992902 718750
993802 796875
994702 734375
995602 843750
996502 718750
997402 812500
998302 703125
999202 703125
1000102 687500
