2000
1 0
21 0
41 0
61 0
81 0
101 0
121 0
141 0
161 0
181 0
201 0
221 0
241 0
261 0
281 0
301 0
321 0
341 0
361 0
381 0
401 0
421 0
441 0
461 0
481 0
501 0
521 0
541 0
561 0
581 0
601 0
621 0
641 0
661 0
681 0
701 0
721 0
741 0
761 0
781 0
801 0
821 0
841 0
861 0
881 0
901 0
921 0
941 0
961 0
981 0
1001 0
1021 0
1041 0
1061 0
1081 0
1101 0
1121 0
1141 0
1161 0
1181 0
1201 0
1221 0
1241 0
1261 0
1281 0
1301 0
1321 0
1341 0
1361 0
1381 0
1401 0
1421 0
1441 0
1461 0
1481 0
1501 0
1521 0
1541 0
1561 0
1581 15625
1601 0
1621 0
1641 0
1661 0
1681 0
1701 0
1721 0
1741 0
1761 0
1781 0
1801 0
1821 0
1841 0
1861 0
1881 0
1901 0
1921 0
1941 0
1961 0
1981 0
2001 0
2021 0
2041 0
2061 0
2081 0
2101 0
2121 0
2141 0
2161 0
2181 0
2201 0
2221 0
2241 0
2261 0
2281 0
2301 0
2321 0
2341 0
2361 0
2381 0
2401 15625
2421 0
2441 15625
2461 0
2481 0
2501 0
2521 0
2541 0
2561 0
2581 0
2601 0
2621 0
2641 0
2661 0
2681 0
2701 0
2721 0
2741 0
2761 0
2781 0
2801 0
2821 0
2841 15625
2861 0
2881 0
2901 0
2921 0
2941 0
2961 0
2981 0
3001 0
3021 0
3041 0
3061 0
3081 0
3101 0
3121 0
3141 0
3161 15625
3181 0
3201 0
3221 0
3241 0
3261 0
3281 15625
3301 0
3321 0
3341 0
3361 0
3381 0
3401 0
3421 0
3441 0
3461 0
3481 15625
3501 15625
3521 0
3541 15625
3561 0
3581 0
3601 0
3621 0
3641 0
3661 0
3681 0
3701 0
3721 15625
3741 0
3761 0
3781 0
3801 0
3821 0
3841 15625
3861 0
3881 0
3901 0
3921 0
3941 0
3961 0
3981 0
4001 0
4021 0
4041 0
4061 0
4081 0
4101 0
4121 0
4141 0
4161 0
4181 0
4201 0
4221 0
4241 0
4261 0
4281 0
4301 0
4321 15625
4341 0
4361 0
4381 0
4401 0
4421 0
4441 0
4461 0
4481 0
4501 0
4521 0
4541 0
4561 0
4581 0
4601 15625
4621 0
4641 0
4661 0
4681 0
4701 0
4721 0
4741 15625
4761 0
4781 0
4801 0
4821 0
4841 15625
4861 0
4881 0
4901 0
4921 0
4941 0
4961 0
4981 0
5001 0
5021 0
5041 0
5061 0
5081 0
5101 0
5121 0
5141 0
5161 0
5181 0
5201 0
5221 0
5241 0
5261 0
5281 0
5301 0
5321 15625
5341 15625
5361 0
5381 0
5401 0
5421 0
5441 0
5461 0
5481 0
5501 15625
5521 0
5541 0
5561 0
5581 0
5601 0
5621 0
5641 0
5661 0
5681 0
5701 0
5721 0
5741 15625
5761 0
5781 15625
5801 0
5821 0
5841 0
5861 0
5881 0
5901 0
5921 0
5941 0
5961 0
5981 15625
6001 0
6021 0
6041 0
6061 0
6081 0
6101 0
6121 15625
6141 15625
6161 0
6181 0
6201 0
6221 0
6241 0
6261 0
6281 0
6301 0
6321 0
6341 0
6361 0
6381 0
6401 15625
6421 0
6441 0
6461 0
6481 15625
6501 0
6521 0
6541 0
6561 0
6581 0
6601 0
6621 15625
6641 0
6661 0
6681 0
6701 0
6721 0
6741 0
6761 0
6781 0
6801 0
6821 0
6841 0
6861 0
6881 0
6901 0
6921 0
6941 15625
6961 0
6981 15625
7001 0
7021 0
7041 15625
7061 0
7081 0
7101 0
7121 0
7141 0
7161 0
7181 0
7201 0
7221 0
7241 0
7261 0
7281 0
7301 0
7321 0
7341 0
7361 0
7381 0
7401 0
7421 0
7441 0
7461 0
7481 0
7501 0
7521 15625
7541 0
7561 0
7581 0
7601 0
7621 0
7641 0
7661 0
7681 15625
7701 0
7721 15625
7741 0
7761 15625
7781 0
7801 15625
7821 0
7841 0
7861 0
7881 15625
7901 0
7921 0
7941 0
7961 0
7981 0
8001 0
8021 0
8041 0
8061 0
8081 0
8101 15625
8121 0
8141 15625
8161 0
8181 0
8201 15625
8221 0
8241 0
8261 0
8281 0
8301 0
8321 0
8341 0
8361 0
8381 0
8401 0
8421 0
8441 0
8461 0
8481 0
8501 0
8521 0
8541 0
8561 0
8581 0
8601 0
8621 15625
8641 0
8661 0
8681 0
8701 15625
8721 0
8741 0
8761 0
8781 0
8801 0
8821 0
8841 15625
8861 0
8881 0
8901 0
8921 0
8941 0
8961 0
8981 0
9001 0
9021 0
9041 0
9061 0
9081 0
9101 0
9121 0
9141 0
9161 15625
9181 0
9201 0
9221 0
9241 0
9261 0
9281 0
9301 0
9321 0
9341 0
9361 0
9381 0
9401 0
9421 0
9441 0
9461 0
9481 15625
9501 0
9521 0
9541 0
9561 0
9581 0
9601 0
9621 0
9641 0
9661 15625
9681 0
9701 0
9721 15625
9741 0
9761 0
9781 0
9801 0
9821 15625
9841 0
9861 15625
9881 0
9901 0
9921 0
9941 0
9961 0
9981 0
10001 0
10021 0
10041 15625
10061 15625
10081 0
10101 0
10121 0
10141 0
10161 0
10181 0
10201 0
10221 0
10241 15625
10261 0
10281 0
10301 0
10321 0
10341 0
10361 0
10381 15625
10401 0
10421 0
10441 0
10461 15625
10481 0
10501 0
10521 0
10541 0
10561 15625
10581 0
10601 0
10621 0
10641 0
10661 15625
10681 15625
10701 0
10721 0
10741 0
10761 0
10781 0
10801 15625
10821 15625
10841 0
10861 0
10881 0
10901 0
10921 0
10941 0
10961 15625
10981 0
11001 0
11021 0
11041 0
11061 0
11081 15625
11101 15625
11121 15625
11141 15625
11161 0
11181 0
11201 15625
11221 15625
11241 0
11261 15625
11281 15625
11301 0
11321 15625
11341 0
11361 0
11381 15625
11401 0
11421 15625
11441 0
11461 15625
11481 15625
11501 15625
11521 0
11541 0
11561 0
11581 0
11601 0
11621 0
11641 0
11661 15625
11681 15625
11701 0
11721 0
11741 0
11761 15625
11781 15625
11801 0
11821 15625
11841 0
11861 0
11881 0
11901 0
11921 0
11941 0
11961 0
11981 0
12001 0
12021 0
12041 0
12061 0
12081 0
12101 0
12121 15625
12141 0
12161 0
12181 0
12201 0
12221 15625
12241 0
12261 0
12281 0
12301 0
12321 0
12341 0
12361 0
12381 0
12401 15625
12421 0
12441 15625
12461 0
12481 15625
12501 0
12521 0
12541 0
12561 15625
12581 0
12601 0
12621 0
12641 0
12661 0
12681 15625
12701 0
12721 0
12741 0
12761 15625
12781 15625
12801 15625
12821 0
12841 0
12861 15625
12881 0
12901 0
12921 0
12941 15625
12961 0
12981 0
13001 0
13021 0
13041 0
13061 0
13081 0
13101 0
13121 0
13141 0
13161 15625
13181 0
13201 0
13221 0
13241 0
13261 0
13281 0
13301 15625
13321 15625
13341 15625
13361 0
13381 0
13401 0
13421 15625
13441 0
13461 0
13481 15625
13501 0
13521 0
13541 15625
13561 0
13581 0
13601 0
13621 0
13641 15625
13661 0
13681 0
13701 15625
13721 0
13741 0
13761 0
13781 0
13801 0
13821 15625
13841 0
13861 0
13881 15625
13901 0
13921 0
13941 0
13961 0
13981 15625
14001 0
14021 0
14041 0
14061 0
14081 0
14101 0
14121 0
14141 15625
14161 0
14181 0
14201 15625
14221 0
14241 0
14261 0
14281 0
14301 0
14321 0
14341 0
14361 0
14381 0
14401 0
14421 15625
14441 15625
14461 0
14481 0
14501 0
14521 0
14541 0
14561 15625
14581 0
14601 0
14621 15625
14641 0
14661 0
14681 0
14701 0
14721 0
14741 0
14761 15625
14781 0
14801 15625
14821 15625
14841 0
14861 0
14881 0
14901 0
14921 0
14941 15625
14961 0
14981 0
15001 0
15021 0
15041 0
15061 15625
15081 0
15101 15625
15121 15625
15141 0
15161 15625
15181 15625
15201 15625
15221 0
15241 0
15261 0
15281 0
15301 15625
15321 0
15341 0
15361 0
15381 0
15401 0
15421 0
15441 0
15461 0
15481 0
15501 0
15521 0
15541 0
15561 0
15581 0
15601 0
15621 0
15641 0
15661 15625
15681 0
15701 0
15721 0
15741 0
15761 15625
15781 15625
15801 0
15821 15625
15841 15625
15861 15625
15881 0
15901 15625
15921 0
15941 15625
15961 0
15981 0
16001 0
16021 15625
16041 15625
16061 0
16081 0
16101 0
16121 0
16141 15625
16161 15625
16181 0
16201 0
16221 15625
16241 0
16261 15625
16281 0
16301 15625
16321 0
16341 0
16361 0
16381 15625
16401 0
16421 15625
16441 0
16461 0
16481 15625
16501 0
16521 0
16541 15625
16561 0
16581 0
16601 0
16621 0
16641 0
16661 15625
16681 15625
16701 0
16721 0
16741 0
16761 0
16781 0
16801 15625
16821 0
16841 0
16861 15625
16881 0
16901 0
16921 0
16941 15625
16961 0
16981 15625
17001 0
17021 0
17041 0
17061 0
17081 15625
17101 0
17121 15625
17141 0
17161 15625
17181 0
17201 15625
17221 0
17241 0
17261 0
17281 0
17301 0
17321 15625
17341 15625
17361 15625
17381 0
17401 0
17421 0
17441 0
17461 0
17481 15625
17501 0
17521 0
17541 0
17561 15625
17581 0
17601 0
17621 0
17641 0
17661 0
17681 15625
17701 0
17721 0
17741 15625
17761 15625
17781 0
17801 0
17821 0
17841 0
17861 0
17881 0
17901 0
17921 0
17941 0
17961 15625
17981 0
18001 15625
18021 15625
18041 15625
18061 15625
18081 15625
18101 0
18121 0
18141 0
18161 0
18181 0
18201 0
18221 0
18241 15625
18261 0
18281 0
18301 0
18321 15625
18341 15625
18361 0
18381 0
18401 0
18421 0
18441 15625
18461 0
18481 15625
18501 0
18521 0
18541 0
18561 15625
18581 15625
18601 0
18621 0
18641 0
18661 15625
18681 0
18701 15625
18721 15625
18741 0
18761 15625
18781 15625
18801 0
18821 15625
18841 0
18861 0
18881 15625
18901 0
18921 15625
18941 0
18961 0
18981 0
19001 0
19021 0
19041 0
19061 0
19081 0
19101 0
19121 0
19141 0
19161 0
19181 15625
19201 0
19221 0
19241 0
19261 15625
19281 0
19301 0
19321 15625
19341 15625
19361 15625
19381 0
19401 0
19421 0
19441 0
19461 15625
19481 0
19501 15625
19521 0
19541 0
19561 0
19581 15625
19601 0
19621 0
19641 0
19661 0
19681 0
19701 15625
19721 0
19741 15625
19761 0
19781 0
19801 15625
19821 15625
19841 0
19861 0
19881 0
19901 15625
19921 0
19941 0
19961 15625
19981 0
20001 0
20002 15625
20902 0
21802 15625
22702 0
23602 0
24502 0
25402 0
26302 0
27202 15625
28102 0
29002 0
29902 15625
30802 15625
31702 15625
32602 0
33502 0
34402 15625
35302 15625
36202 15625
37102 0
38002 0
38902 15625
39802 15625
40702 15625
41602 15625
42502 15625
43402 15625
44302 15625
45202 15625
46102 0
47002 15625
47902 15625
48802 0
49702 0
50602 15625
51502 15625
52402 15625
53302 15625
54202 15625
55102 15625
56002 15625
56902 15625
57802 15625
58702 15625
59602 15625
60502 31250
61402 15625
62302 15625
63202 15625
64102 15625
65002 31250
65902 15625
66802 15625
67702 15625
68602 15625
69502 15625
70402 15625
71302 31250
72202 15625
73102 15625
74002 15625
74902 31250
75802 15625
76702 31250
77602 15625
78502 31250
79402 15625
80302 15625
81202 31250
82102 31250
83002 31250
83902 15625
84802 31250
85702 15625
86602 31250
87502 31250
88402 31250
89302 31250
90202 15625
91102 31250
92002 31250
92902 31250
93802 15625
94702 31250
95602 31250
96502 31250
97402 31250
98302 31250
99202 46875
100102 31250
101002 31250
101902 31250
102802 46875
103702 31250
104602 31250
105502 31250
106402 31250
107302 46875
108202 46875
109102 46875
110002 31250
110902 31250
111802 31250
112702 46875
113602 46875
114502 46875
115402 46875
116302 46875
117202 46875
118102 46875
119002 31250
119902 46875
120802 46875
121702 46875
122602 46875
123502 46875
124402 31250
125302 46875
126202 31250
127102 46875
128002 46875
128902 31250
129802 31250
130702 46875
131602 31250
132502 31250
133402 62500
134302 46875
135202 46875
136102 31250
137002 46875
137902 46875
138802 46875
139702 31250
140602 62500
141502 46875
142402 31250
143302 46875
144202 46875
145102 46875
146002 46875
146902 46875
147802 46875
148702 46875
149602 46875
150502 31250
151402 46875
152302 62500
153202 31250
154102 46875
155002 46875
155902 46875
156802 46875
157702 62500
158602 46875
159502 46875
160402 46875
161302 46875
162202 46875
163102 46875
164002 46875
164902 46875
165802 62500
166702 78125
167602 46875
168502 46875
169402 46875
170302 62500
171202 46875
172102 62500
173002 46875
173902 62500
174802 62500
175702 46875
176602 62500
177502 62500
178402 46875
179302 62500
180202 62500
181102 46875
182002 62500
182902 62500
183802 62500
184702 62500
185602 62500
186502 62500
187402 62500
188302 62500
189202 46875
190102 62500
191002 46875
191902 78125
192802 62500
193702 62500
194602 78125
195502 78125
196402 62500
197302 62500
198202 62500
199102 78125
200002 78125
200902 62500
201802 62500
202702 62500
203602 62500
204502 62500
205402 62500
206302 62500
207202 62500
208102 78125
209002 78125
209902 78125
210802 78125
211702 78125
212602 62500
213502 62500
214402 93750
215302 62500
216202 62500
217102 62500
218002 109375
218902 93750
219802 62500
220702 62500
221602 62500
222502 78125
223402 93750
224302 78125
225202 62500
226102 109375
227002 93750
227902 62500
228802 62500
229702 62500
230602 62500
231502 78125
232402 78125
233302 62500
234202 109375
235102 109375
236002 78125
236902 109375
237802 78125
238702 78125
239602 78125
240502 109375
241402 78125
242302 78125
243202 109375
244102 78125
245002 62500
245902 78125
246802 78125
247702 78125
248602 78125
249502 78125
250402 78125
251302 78125
252202 78125
253102 93750
254002 93750
254902 78125
255802 109375
256702 93750
257602 78125
258502 78125
259402 78125
260302 93750
261202 78125
262102 109375
263002 78125
263902 78125
264802 93750
265702 78125
266602 93750
267502 93750
268402 93750
269302 93750
270202 78125
271102 93750
272002 109375
272902 93750
273802 78125
274702 93750
275602 93750
276502 109375
277402 78125
278302 78125
279202 93750
280102 93750
281002 78125
281902 109375
282802 78125
283702 125000
284602 93750
285502 78125
286402 93750
287302 140625
288202 109375
289102 93750
290002 78125
290902 93750
291802 109375
292702 109375
293602 109375
294502 109375
295402 93750
296302 93750
297202 109375
298102 93750
299002 109375
299902 125000
300802 125000
301702 93750
302602 109375
303502 93750
304402 125000
305302 93750
306202 93750
307102 109375
308002 93750
308902 93750
309802 109375
310702 93750
311602 93750
312502 156250
313402 93750
314302 93750
315202 109375
316102 109375
317002 93750
317902 93750
318802 109375
319702 93750
320602 125000
321502 109375
322402 109375
323302 109375
324202 140625
325102 93750
326002 109375
326902 109375
327802 109375
328702 125000
329602 140625
330502 140625
331402 109375
332302 140625
333202 93750
334102 109375
335002 125000
335902 171875
336802 125000
337702 109375
338602 125000
339502 109375
340402 109375
341302 125000
342202 109375
343102 125000
344002 109375
344902 109375
345802 109375
346702 109375
347602 125000
348502 125000
349402 109375
350302 109375
351202 109375
352102 140625
353002 109375
353902 109375
354802 109375
355702 125000
356602 109375
357502 140625
358402 140625
359302 109375
360202 125000
361102 109375
362002 156250
362902 156250
363802 125000
364702 109375
365602 125000
366502 156250
367402 156250
368302 140625
369202 125000
370102 125000
371002 156250
371902 125000
372802 109375
373702 125000
374602 156250
375502 140625
376402 125000
377302 125000
378202 156250
379102 140625
380002 109375
380902 171875
381802 125000
382702 125000
383602 109375
384502 125000
385402 125000
386302 125000
387202 109375
388102 125000
389002 156250
389902 125000
390802 140625
391702 125000
392602 125000
393502 125000
394402 125000
395302 125000
396202 125000
397102 140625
398002 125000
398902 140625
399802 125000
400702 140625
401602 125000
402502 125000
403402 156250
404302 140625
405202 140625
406102 125000
407002 156250
407902 125000
408802 140625
409702 156250
410602 125000
411502 140625
412402 140625
413302 140625
414202 125000
415102 140625
416002 156250
416902 140625
417802 125000
418702 140625
419602 171875
420502 125000
421402 140625
422302 140625
423202 125000
424102 140625
425002 125000
425902 140625
426802 140625
427702 156250
428602 140625
429502 140625
430402 156250
431302 156250
432202 140625
433102 156250
434002 140625
434902 140625
435802 140625
436702 156250
437602 140625
438502 140625
439402 187500
440302 156250
441202 140625
442102 156250
443002 156250
443902 140625
444802 171875
445702 140625
446602 140625
447502 140625
448402 140625
449302 156250
450202 171875
451102 156250
452002 140625
452902 140625
453802 187500
454702 140625
455602 140625
456502 140625
457402 156250
458302 140625
459202 171875
460102 140625
461002 156250
461902 156250
462802 156250
463702 156250
464602 140625
465502 156250
466402 156250
467302 156250
468202 187500
469102 156250
470002 140625
470902 171875
471802 156250
472702 156250
473602 156250
474502 156250
475402 171875
476302 156250
477202 156250
478102 171875
479002 156250
479902 140625
480802 187500
481702 156250
482602 171875
483502 156250
484402 156250
485302 171875
486202 171875
487102 156250
488002 171875
488902 203125
489802 156250
490702 171875
491602 156250
492502 171875
493402 156250
494302 171875
495202 187500
496102 171875
497002 156250
497902 171875
498802 218750
499702 171875
500602 171875
501502 187500
502402 171875
503302 171875
504202 187500
505102 187500
506002 156250
506902 203125
507802 156250
508702 171875
509602 171875
510502 171875
511402 156250
512302 156250
513202 156250
514102 156250
515002 171875
515902 187500
516802 156250
517702 156250
518602 171875
519502 156250
520402 171875
521302 171875
522202 171875
523102 187500
524002 171875
524902 171875
525802 171875
526702 218750
527602 187500
528502 171875
529402 187500
530302 171875
531202 171875
532102 171875
533002 156250
533902 171875
534802 171875
535702 171875
536602 171875
537502 171875
538402 281250
539302 171875
540202 171875
541102 171875
542002 171875
542902 203125
543802 171875
544702 187500
545602 218750
546502 171875
547402 171875
548302 171875
549202 187500
550102 171875
551002 187500
551902 187500
552802 203125
553702 171875
554602 203125
555502 203125
556402 187500
557302 187500
558202 218750
559102 203125
560002 187500
560902 234375
561802 187500
562702 171875
563602 218750
564502 187500
565402 187500
566302 187500
567202 187500
568102 187500
569002 203125
569902 250000
570802 250000
571702 203125
572602 187500
573502 187500
574402 203125
575302 187500
576202 171875
577102 187500
578002 203125
578902 187500
579802 187500
580702 203125
581602 187500
582502 218750
583402 187500
584302 218750
585202 187500
586102 187500
587002 187500
587902 187500
588802 203125
589702 187500
590602 218750
591502 203125
592402 203125
593302 187500
594202 187500
595102 187500
596002 187500
596902 203125
597802 203125
598702 203125
599602 203125
600502 187500
601402 218750
602302 187500
603202 203125
604102 234375
605002 234375
605902 234375
606802 203125
607702 250000
608602 187500
609502 234375
610402 203125
611302 218750
612202 203125
613102 203125
614002 203125
614902 218750
615802 187500
616702 234375
617602 250000
618502 203125
619402 234375
620302 203125
621202 203125
622102 218750
623002 187500
623902 234375
624802 218750
625702 203125
626602 203125
627502 218750
628402 234375
629302 218750
630202 218750
631102 203125
632002 203125
632902 250000
633802 234375
634702 203125
635602 250000
636502 234375
637402 218750
638302 250000
639202 234375
640102 234375
641002 203125
641902 234375
642802 218750
643702 234375
644602 218750
645502 203125
646402 250000
647302 218750
648202 218750
649102 265625
650002 218750
650902 218750
651802 218750
652702 234375
653602 250000
654502 218750
655402 218750
656302 265625
657202 218750
658102 218750
659002 234375
659902 218750
660802 203125
661702 218750
662602 250000
663502 234375
664402 250000
665302 250000
666202 250000
667102 281250
668002 218750
668902 218750
669802 218750
670702 234375
671602 234375
672502 218750
673402 218750
674302 218750
675202 234375
676102 281250
677002 250000
677902 250000
678802 234375
679702 218750
680602 250000
681502 234375
682402 234375
683302 218750
684202 218750
685102 218750
686002 234375
686902 218750
687802 218750
688702 234375
689602 296875
690502 218750
691402 234375
692302 234375
693202 234375
694102 234375
695002 234375
695902 250000
696802 234375
697702 234375
698602 281250
699502 234375
700402 234375
701302 250000
702202 218750
703102 234375
704002 250000
704902 234375
705802 218750
706702 234375
707602 234375
708502 250000
709402 296875
710302 312500
711202 250000
712102 234375
713002 250000
713902 234375
714802 250000
715702 281250
716602 218750
717502 234375
718402 250000
719302 265625
720202 234375
721102 250000
722002 234375
722902 281250
723802 265625
724702 234375
725602 250000
726502 250000
727402 234375
728302 234375
729202 234375
730102 250000
731002 265625
731902 281250
732802 234375
733702 234375
734602 250000
735502 250000
736402 234375
737302 265625
738202 250000
739102 281250
740002 312500
740902 234375
741802 250000
742702 265625
743602 265625
744502 250000
745402 281250
746302 250000
747202 281250
748102 328125
749002 281250
749902 281250
750802 265625
751702 281250
752602 250000
753502 250000
754402 250000
755302 296875
756202 281250
757102 250000
758002 250000
758902 265625
759802 250000
760702 328125
761602 250000
762502 265625
763402 250000
764302 281250
765202 296875
766102 281250
767002 312500
767902 296875
768802 250000
769702 250000
770602 296875
771502 250000
772402 281250
773302 250000
774202 250000
775102 265625
776002 312500
776902 250000
777802 281250
778702 281250
779602 281250
780502 265625
781402 265625
782302 296875
783202 281250
784102 296875
785002 265625
785902 265625
786802 328125
787702 265625
788602 250000
789502 281250
790402 250000
791302 281250
792202 265625
793102 281250
794002 265625
794902 265625
795802 265625
796702 265625
797602 281250
798502 265625
799402 265625
800302 281250
801202 312500
802102 250000
803002 343750
803902 296875
804802 328125
805702 312500
806602 328125
807502 328125
808402 281250
809302 265625
810202 265625
811102 343750
812002 312500
812902 281250
813802 359375
814702 281250
815602 296875
816502 296875
817402 328125
818302 265625
819202 328125
820102 296875
821002 296875
821902 312500
822802 296875
823702 281250
824602 296875
825502 281250
826402 296875
827302 281250
828202 296875
829102 312500
830002 281250
830902 343750
831802 281250
832702 281250
833602 312500
834502 265625
835402 312500
836302 296875
837202 343750
838102 281250
839002 296875
839902 281250
840802 312500
841702 296875
842602 265625
843502 343750
844402 296875
845302 281250
846202 296875
847102 296875
848002 312500
848902 296875
849802 296875
850702 281250
851602 343750
852502 375000
853402 343750
854302 296875
855202 390625
856102 312500
857002 281250
857902 312500
858802 296875
859702 359375
860602 281250
861502 312500
862402 312500
863302 312500
864202 296875
865102 359375
866002 296875
866902 328125
867802 281250
868702 343750
869602 296875
870502 281250
871402 296875
872302 281250
873202 312500
874102 296875
875002 328125
875902 312500
876802 312500
877702 328125
878602 296875
879502 359375
880402 281250
881302 281250
882202 296875
883102 328125
884002 312500
884902 296875
885802 296875
886702 312500
887602 296875
888502 312500
889402 296875
890302 359375
891202 281250
892102 312500
893002 312500
893902 390625
894802 328125
895702 312500
896602 328125
897502 296875
898402 296875
899302 328125
900202 359375
901102 312500
902002 296875
902902 296875
903802 312500
904702 328125
905602 343750
906502 312500
907402 296875
908302 390625
909202 375000
910102 312500
911002 312500
911902 343750
912802 359375
913702 296875
914602 328125
915502 312500
916402 359375
917302 375000
918202 328125
919102 328125
920002 328125
920902 312500
921802 328125
922702 390625
923602 375000
924502 375000
925402 312500
926302 312500
927202 375000
928102 296875
929002 312500
929902 312500
930802 312500
931702 406250
932602 312500
933502 296875
934402 312500
935302 328125
936202 312500
937102 312500
938002 312500
938902 343750
939802 359375
940702 359375
941602 312500
942502 312500
943402 312500
944302 343750
945202 406250
946102 406250
947002 406250
947902 406250
948802 390625
949702 312500
950602 375000
951502 328125
952402 312500
953302 296875
954202 359375
955102 343750
956002 312500
956902 328125
957802 328125
958702 328125
959602 328125
960502 343750
961402 328125
962302 359375
963202 359375
964102 328125
965002 343750
965902 312500
966802 328125
967702 343750
968602 328125
969502 343750
970402 375000
971302 375000
972202 343750
973102 343750
974002 343750
974902 328125
975802 343750
976702 343750
977602 375000
978502 343750
979402 312500
980302 390625
981202 390625
982102 359375
983002 390625
983902 343750
984802 328125
985702 328125
986602 390625
987502 359375
988402 343750
989302 328125
990202 328125
991102 390625
992002 359375
992902 375000
993802 343750
994702 328125
995602 375000
996502 359375
997402 390625
998302 328125
999202 359375
1000102 453125
