1 0
21 0
41 0
61 0
81 0
101 0
121 0
141 0
161 0
181 0
201 0
221 0
241 0
261 15625
281 0
301 0
321 0
341 0
361 0
381 0
401 0
421 0
441 0
461 0
481 0
501 0
521 15625
541 0
561 0
581 0
601 0
621 0
641 0
661 0
681 0
701 0
721 15625
741 0
761 0
781 0
801 0
821 0
841 0
861 0
881 0
901 15625
921 0
941 0
961 0
981 0
1001 0
1021 15625
1041 0
1061 0
1081 15625
1101 0
1121 15625
1141 15625
1161 0
1181 0
1201 15625
1221 0
1241 0
1261 15625
1281 0
1301 0
1321 15625
1341 0
1361 0
1381 0
1401 0
1421 15625
1441 0
1461 15625
1481 15625
1501 0
1521 0
1541 0
1561 15625
1581 0
1601 15625
1621 0
1641 15625
1661 0
1681 15625
1701 0
1721 15625
1741 15625
1761 15625
1781 0
1801 15625
1821 0
1841 15625
1861 0
1881 0
1901 15625
1921 0
1941 0
1961 0
1981 0
2001 15625
2021 0
2041 0
2061 0
2081 15625
2101 15625
2121 15625
2141 15625
2161 15625
2181 15625
2201 15625
2221 15625
2241 15625
2261 15625
2281 15625
2301 15625
2321 15625
2341 15625
2361 0
2381 15625
2401 0
2421 15625
2441 31250
2461 15625
2481 15625
2501 15625
2521 15625
2541 15625
2561 15625
2581 15625
2601 15625
2621 15625
2641 15625
2661 0
2681 15625
2701 15625
2721 15625
2741 15625
2761 31250
2781 15625
2801 15625
2821 15625
2841 31250
2861 31250
2881 15625
2901 15625
2921 15625
2941 15625
2961 15625
2981 15625
3001 31250
3021 15625
3041 31250
3061 15625
3081 15625
3101 31250
3121 31250
3141 31250
3161 15625
3181 31250
3201 31250
3221 31250
3241 15625
3261 31250
3281 31250
3301 15625
3321 31250
3341 15625
3361 31250
3381 15625
3401 15625
3421 15625
3441 31250
3461 15625
3481 31250
3501 46875
3521 31250
3541 15625
3561 46875
3581 31250
3601 31250
3621 31250
3641 31250
3661 31250
3681 31250
3701 31250
3721 31250
3741 31250
3761 31250
3781 31250
3801 31250
3821 31250
3841 31250
3861 31250
3881 31250
3901 31250
3921 31250
3941 46875
3961 31250
3981 31250
4001 31250
4021 31250
4041 46875
4061 46875
4081 31250
4101 46875
4121 31250
4141 31250
4161 46875
4181 31250
4201 46875
4221 31250
4241 46875
4261 31250
4281 31250
4301 46875
4321 46875
4341 46875
4361 46875
4381 46875
4401 31250
4421 31250
4441 31250
4461 46875
4481 46875
4501 31250
4521 46875
4541 46875
4561 46875
4581 62500
4601 46875
4621 46875
4641 46875
4661 46875
4681 46875
4701 46875
4721 46875
4741 46875
4761 46875
4781 62500
4801 46875
4821 46875
4841 46875
4861 46875
4881 46875
4901 46875
4921 62500
4941 46875
4961 46875
4981 62500
5001 62500
5021 46875
5041 46875
5061 46875
5081 46875
5101 46875
5121 78125
5141 62500
5161 46875
5181 62500
5201 46875
5221 62500
5241 62500
5261 62500
5281 78125
5301 62500
5321 46875
5341 62500
5361 62500
5381 62500
5401 62500
5421 62500
5441 62500
5461 78125
5481 78125
5501 62500
5521 62500
5541 62500
5561 62500
5581 62500
5601 62500
5621 62500
5641 62500
5661 62500
5681 62500
5701 62500
5721 62500
5741 93750
5761 78125
5781 78125
5801 62500
5821 78125
5841 62500
5861 78125
5881 78125
5901 78125
5921 93750
5941 78125
5961 62500
5981 62500
6001 78125
6021 78125
6041 78125
6061 93750
6081 78125
6101 78125
6121 62500
6141 78125
6161 78125
6181 78125
6201 78125
6221 78125
6241 78125
6261 93750
6281 78125
6301 93750
6321 78125
6341 93750
6361 125000
6381 156250
6401 156250
6421 109375
6441 93750
6461 78125
6481 93750
6501 93750
6521 78125
6541 78125
6561 78125
6581 93750
6601 125000
6621 78125
6641 78125
6661 109375
6681 109375
6701 93750
6721 93750
6741 93750
6761 93750
6781 93750
6801 93750
6821 109375
6841 93750
6861 109375
6881 109375
6901 109375
6921 93750
6941 109375
6961 125000
6981 125000
7001 109375
7021 93750
7041 109375
7061 93750
7081 109375
7101 125000
7121 109375
7141 93750
7161 125000
7181 109375
7201 125000
7221 109375
7241 125000
7261 109375
7281 109375
7301 109375
7321 109375
7341 109375
7361 109375
7381 109375
7401 109375
7421 125000
7441 125000
7461 109375
7481 125000
7501 140625
7521 125000
7541 109375
7561 125000
7581 156250
7601 109375
7621 125000
7641 125000
7661 125000
7681 125000
7701 156250
7721 109375
7741 125000
7761 125000
7781 140625
7801 125000
7821 140625
7841 125000
7861 125000
7881 125000
7901 125000
7921 125000
7941 125000
7961 140625
7981 140625
8001 125000
8021 140625
8041 125000
8061 140625
8081 156250
8101 140625
8121 140625
8141 156250
8161 125000
8181 140625
8201 140625
8221 140625
8241 140625
8261 140625
8281 156250
8301 140625
8321 140625
8341 171875
8361 140625
8381 171875
8401 140625
8421 140625
8441 156250
8461 171875
8481 140625
8501 156250
8521 156250
8541 156250
8561 140625
8581 156250
8601 156250
8621 156250
8641 156250
8661 156250
8681 156250
8701 171875
8721 203125
8741 187500
8761 187500
8781 156250
8801 156250
8821 156250
8841 156250
8861 171875
8881 156250
8901 187500
8921 187500
8941 171875
8961 171875
8981 156250
9001 156250
9021 171875
9041 171875
9061 171875
9081 203125
9101 203125
9121 203125
9141 171875
9161 187500
9181 171875
9201 171875
9221 187500
9241 187500
9261 187500
9281 171875
9301 187500
9321 203125
9341 171875
9361 187500
9381 187500
9401 171875
9421 187500
9441 187500
9461 203125
9481 203125
9501 187500
9521 203125
9541 187500
9561 203125
9581 187500
9601 187500
9621 218750
9641 234375
9661 187500
9681 187500
9701 203125
9721 203125
9741 187500
9761 218750
9781 203125
9801 203125
9821 203125
9841 203125
9861 203125
9881 218750
9901 203125
9921 203125
9941 187500
9961 187500
9981 218750
10001 203125
10021 203125
10041 218750
10061 203125
10081 203125
10101 218750
10121 203125
10141 218750
10161 218750
10181 218750
10201 234375
10221 250000
10241 203125
10261 218750
10281 218750
10301 234375
10321 234375
10341 218750
10361 234375
10381 250000
10401 265625
10421 218750
10441 234375
10461 218750
10481 265625
10501 234375
10521 234375
10541 234375
10561 234375
10581 250000
10601 234375
10621 234375
10641 250000
10661 234375
10681 234375
10701 265625
10721 265625
10741 250000
10761 234375
10781 250000
10801 234375
10821 234375
10841 234375
10861 265625
10881 250000
10901 234375
10921 234375
10941 265625
10961 265625
10981 250000
11001 265625
11021 234375
11041 250000
11061 250000
11081 265625
11101 265625
11121 250000
11141 281250
11161 250000
11181 250000
11201 296875
11221 265625
11241 265625
11261 250000
11281 296875
11301 265625
11321 265625
11341 312500
11361 250000
11381 265625
11401 296875
11421 250000
11441 265625
11461 265625
11481 281250
11501 265625
11521 281250
11541 250000
11561 281250
11581 296875
11601 265625
11621 281250
11641 281250
11661 281250
11681 296875
11701 281250
11721 296875
11741 281250
11761 281250
11781 281250
11801 281250
11821 312500
11841 296875
11861 281250
11881 281250
11901 281250
11921 343750
11941 281250
11961 281250
11981 328125
12001 281250
12021 296875
12041 296875
12061 296875
12081 296875
12101 312500
12121 296875
12141 328125
12161 312500
12181 296875
12201 296875
12221 296875
12241 312500
12261 296875
12281 312500
12301 296875
12321 328125
12341 312500
12361 359375
12381 296875
12401 328125
12421 312500
12441 312500
12461 296875
12481 312500
12501 312500
12521 328125
12541 312500
12561 328125
12581 343750
12601 328125
12621 328125
12641 359375
12661 390625
12681 343750
12701 531250
12721 328125
12741 359375
12761 328125
12781 328125
12801 328125
12821 328125
12841 328125
12861 312500
12881 328125
12901 343750
12921 328125
12941 328125
12961 343750
12981 343750
13001 343750
13021 359375
13041 343750
13061 359375
13081 328125
13101 343750
13121 359375
13141 343750
13161 359375
13181 375000
13201 359375
13221 359375
13241 359375
13261 375000
13281 343750
13301 375000
13321 359375
13341 406250
13361 359375
13381 359375
13401 375000
13421 375000
13441 375000
13461 375000
13481 359375
13501 375000
13521 375000
13541 375000
13561 406250
13581 375000
13601 375000
13621 390625
13641 390625
13661 375000
13681 390625
13701 390625
13721 437500
13741 375000
13761 375000
13781 375000
13801 390625
13821 406250
13841 406250
13861 390625
13881 406250
13901 406250
13921 390625
13941 390625
13961 406250
13981 390625
14001 390625
14021 390625
14041 406250
14061 406250
14081 406250
14101 390625
14121 390625
14141 406250
14161 421875
14181 468750
14201 406250
14221 406250
14241 421875
14261 468750
14281 406250
14301 406250
14321 406250
14341 406250
14361 421875
14381 421875
14401 406250
14421 406250
14441 421875
14461 453125
14481 421875
14501 406250
14521 453125
14541 421875
14561 437500
14581 437500
14601 421875
14621 437500
14641 437500
14661 453125
14681 421875
14701 468750
14721 421875
14741 437500
14761 437500
14781 453125
14801 453125
14821 453125
14841 468750
14861 500000
14881 578125
14901 437500
14921 609375
14941 453125
14961 453125
14981 468750
15001 453125
15021 453125
15041 468750
15061 484375
15081 484375
15101 453125
15121 453125
15141 468750
15161 453125
15181 453125
15201 500000
15221 484375
15241 468750
15261 468750
15281 468750
15301 468750
15321 468750
15341 484375
15361 515625
15381 468750
15401 515625
15421 500000
15441 500000
15461 484375
15481 484375
15501 500000
15521 531250
15541 484375
15561 500000
15581 484375
15601 500000
15621 484375
15641 484375
15661 515625
15681 531250
15701 546875
15721 531250
15741 500000
15761 515625
15781 515625
15801 515625
15821 500000
15841 484375
15861 515625
15881 515625
15901 531250
15921 515625
15941 500000
15961 515625
15981 515625
16001 531250
16021 546875
16041 515625
16061 515625
16081 515625
16101 531250
16121 531250
16141 531250
16161 531250
16181 531250
16201 515625
16221 578125
16241 515625
16261 531250
16281 531250
16301 546875
16321 546875
16341 531250
16361 531250
16381 546875
16401 546875
16421 546875
16441 531250
16461 531250
16481 546875
16501 546875
16521 562500
16541 546875
16561 546875
16581 546875
16601 578125
16621 562500
16641 562500
16661 578125
16681 578125
16701 562500
16721 578125
16741 750000
16761 562500
16781 578125
16801 562500
16821 578125
16841 578125
16861 593750
16881 562500
16901 562500
16921 578125
16941 578125
16961 593750
16981 593750
17001 593750
17021 609375
17041 625000
17061 593750
17081 578125
17101 578125
17121 578125
17141 593750
17161 609375
17181 593750
17201 593750
17221 625000
17241 625000
17261 625000
17281 609375
17301 593750
17321 625000
17341 593750
17361 609375
17381 640625
17401 640625
17421 609375
17441 625000
17461 609375
17481 625000
17501 609375
17521 625000
17541 625000
17561 656250
17581 640625
17601 625000
17621 640625
17641 625000
17661 640625
17681 625000
17701 640625
17721 640625
17741 656250
17761 625000
17781 640625
17801 625000
17821 640625
17841 640625
17861 640625
17881 640625
17901 640625
17921 671875
17941 671875
17961 671875
17981 656250
18001 687500
18021 656250
18041 656250
18061 687500
18081 671875
18101 656250
18121 640625
18141 671875
18161 687500
18181 687500
18201 656250
18221 671875
18241 671875
18261 703125
18281 656250
18301 671875
18321 687500
18341 687500
18361 687500
18381 671875
18401 671875
18421 687500
18441 703125
18461 703125
18481 703125
18501 687500
18521 687500
18541 718750
18561 687500
18581 687500
18601 703125
18621 718750
18641 718750
18661 687500
18681 734375
18701 718750
18721 734375
18741 703125
18761 703125
18781 734375
18801 718750
18821 734375
18841 718750
18861 750000
18881 718750
18901 703125
18921 718750
18941 734375
18961 734375
18981 734375
19001 750000
19021 718750
19041 718750
19061 718750
19081 750000
19101 734375
19121 734375
19141 781250
19161 734375
19181 750000
19201 750000
19221 750000
19241 750000
19261 781250
19281 765625
19301 734375
19321 750000
19341 796875
19361 765625
19381 734375
19401 796875
19421 750000
19441 765625
19461 765625
19481 750000
19501 750000
19521 812500
19541 750000
19561 765625
19581 796875
19601 781250
19621 765625
19641 796875
19661 781250
19681 796875
19701 796875
19721 781250
19741 781250
19761 796875
19781 781250
19801 812500
19821 796875
19841 796875
19861 812500
19881 781250
19901 828125
19921 796875
19941 812500
19961 781250
19981 796875
