1 0
21 0
41 0
61 0
81 0
101 0
121 0
141 0
161 0
181 0
201 0
221 0
241 0
261 0
281 0
301 0
321 0
341 0
361 0
381 0
401 0
421 0
441 0
461 0
481 0
501 0
521 0
541 0
561 0
581 0
601 0
621 0
641 0
661 0
681 0
701 15625
721 0
741 0
761 0
781 0
801 0
821 0
841 0
861 0
881 0
901 0
921 0
941 0
961 0
981 0
1001 0
1021 0
1041 0
1061 0
1081 0
1101 0
1121 0
1141 0
1161 0
1181 0
1201 0
1221 0
1241 0
1261 0
1281 0
1301 0
1321 0
1341 0
1361 0
1381 0
1401 15625
1421 0
1441 0
1461 0
1481 0
1501 0
1521 0
1541 0
1561 15625
1581 0
1601 0
1621 0
1641 0
1661 0
1681 0
1701 0
1721 0
1741 0
1761 0
1781 0
1801 0
1821 0
1841 15625
1861 0
1881 0
1901 0
1921 0
1941 0
1961 0
1981 0
2001 0
2021 0
2041 0
2061 0
2081 0
2101 0
2121 15625
2141 0
2161 0
2181 15625
2201 15625
2221 0
2241 0
2261 0
2281 15625
2301 0
2321 15625
2341 0
2361 0
2381 0
2401 15625
2421 15625
2441 0
2461 0
2481 0
2501 0
2521 0
2541 15625
2561 15625
2581 0
2601 0
2621 0
2641 0
2661 0
2681 0
2701 0
2721 0
2741 0
2761 0
2781 0
2801 0
2821 0
2841 0
2861 0
2881 0
2901 15625
2921 15625
2941 0
2961 0
2981 0
3001 0
3021 0
3041 0
3061 0
3081 0
3101 0
3121 0
3141 0
3161 0
3181 15625
3201 0
3221 0
3241 0
3261 0
3281 0
3301 0
3321 0
3341 0
3361 15625
3381 15625
3401 0
3421 0
3441 0
3461 0
3481 15625
3501 0
3521 0
3541 0
3561 0
3581 0
3601 0
3621 0
3641 0
3661 0
3681 0
3701 0
3721 15625
3741 0
3761 15625
3781 15625
3801 0
3821 0
3841 0
3861 0
3881 15625
3901 15625
3921 15625
3941 0
3961 15625
3981 0
4001 15625
4021 15625
4041 0
4061 0
4081 0
4101 0
4121 0
4141 0
4161 0
4181 0
4201 15625
4221 15625
4241 0
4261 0
4281 0
4301 0
4321 15625
4341 0
4361 0
4381 0
4401 0
4421 15625
4441 0
4461 0
4481 0
4501 0
4521 0
4541 0
4561 0
4581 0
4601 0
4621 0
4641 0
4661 0
4681 0
4701 0
4721 15625
4741 0
4761 0
4781 15625
4801 0
4821 15625
4841 0
4861 0
4881 0
4901 0
4921 0
4941 0
4961 15625
4981 15625
5001 0
5021 0
5041 15625
5061 0
5081 0
5101 0
5121 0
5141 15625
5161 0
5181 15625
5201 0
5221 0
5241 0
5261 15625
5281 15625
5301 15625
5321 0
5341 0
5361 0
5381 15625
5401 0
5421 0
5441 15625
5461 0
5481 15625
5501 0
5521 0
5541 15625
5561 0
5581 0
5601 0
5621 0
5641 0
5661 15625
5681 0
5701 15625
5721 0
5741 0
5761 0
5781 0
5801 15625
5821 0
5841 0
5861 0
5881 15625
5901 15625
5921 0
5941 0
5961 0
5981 0
6001 15625
6021 15625
6041 15625
6061 0
6081 15625
6101 0
6121 15625
6141 15625
6161 0
6181 0
6201 0
6221 0
6241 15625
6261 15625
6281 15625
6301 0
6321 15625
6341 15625
6361 0
6381 15625
6401 15625
6421 15625
6441 0
6461 15625
6481 0
6501 0
6521 0
6541 0
6561 0
6581 0
6601 15625
6621 0
6641 0
6661 15625
6681 0
6701 15625
6721 0
6741 0
6761 0
6781 0
6801 0
6821 15625
6841 0
6861 15625
6881 0
6901 0
6921 15625
6941 0
6961 0
6981 0
7001 0
7021 0
7041 15625
7061 15625
7081 0
7101 0
7121 15625
7141 0
7161 15625
7181 15625
7201 0
7221 0
7241 15625
7261 15625
7281 15625
7301 0
7321 0
7341 15625
7361 15625
7381 15625
7401 0
7421 15625
7441 0
7461 15625
7481 0
7501 0
7521 0
7541 0
7561 0
7581 15625
7601 15625
7621 0
7641 15625
7661 0
7681 0
7701 15625
7721 0
7741 0
7761 0
7781 0
7801 0
7821 15625
7841 15625
7861 15625
7881 0
7901 0
7921 15625
7941 15625
7961 0
7981 15625
8001 15625
8021 0
8041 15625
8061 0
8081 0
8101 0
8121 0
8141 15625
8161 15625
8181 15625
8201 0
8221 15625
8241 0
8261 15625
8281 0
8301 0
8321 15625
8341 15625
8361 15625
8381 15625
8401 15625
8421 0
8441 15625
8461 0
8481 0
8501 15625
8521 15625
8541 0
8561 15625
8581 15625
8601 0
8621 0
8641 15625
8661 0
8681 0
8701 15625
8721 15625
8741 0
8761 0
8781 0
8801 0
8821 15625
8841 15625
8861 0
8881 15625
8901 15625
8921 0
8941 0
8961 15625
8981 0
9001 15625
9021 15625
9041 15625
9061 0
9081 15625
9101 0
9121 0
9141 15625
9161 15625
9181 15625
9201 15625
9221 15625
9241 15625
9261 15625
9281 15625
9301 15625
9321 0
9341 0
9361 15625
9381 0
9401 15625
9421 0
9441 0
9461 15625
9481 15625
9501 15625
9521 0
9541 0
9561 15625
9581 15625
9601 15625
9621 15625
9641 0
9661 15625
9681 0
9701 0
9721 0
9741 15625
9761 15625
9781 0
9801 15625
9821 0
9841 0
9861 15625
9881 15625
9901 15625
9921 0
9941 15625
9961 15625
9981 15625
10001 15625
10021 15625
10041 15625
10061 15625
10081 15625
10101 0
10121 15625
10141 15625
10161 0
10181 0
10201 15625
10221 0
10241 0
10261 0
10281 15625
10301 0
10321 15625
10341 15625
10361 0
10381 0
10401 0
10421 0
10441 15625
10461 15625
10481 0
10501 15625
10521 15625
10541 15625
10561 15625
10581 15625
10601 15625
10621 0
10641 15625
10661 0
10681 15625
10701 0
10721 15625
10741 0
10761 15625
10781 0
10801 0
10821 15625
10841 0
10861 0
10881 15625
10901 15625
10921 0
10941 15625
10961 15625
10981 15625
11001 15625
11021 0
11041 0
11061 15625
11081 15625
11101 15625
11121 0
11141 0
11161 15625
11181 0
11201 15625
11221 15625
11241 15625
11261 0
11281 15625
11301 0
11321 0
11341 0
11361 15625
11381 15625
11401 15625
11421 15625
11441 15625
11461 15625
11481 15625
11501 15625
11521 15625
11541 15625
11561 0
11581 15625
11601 0
11621 15625
11641 15625
11661 15625
11681 15625
11701 0
11721 15625
11741 15625
11761 0
11781 0
11801 0
11821 15625
11841 15625
11861 0
11881 15625
11901 0
11921 15625
11941 15625
11961 15625
11981 0
12001 15625
12021 0
12041 0
12061 15625
12081 15625
12101 0
12121 0
12141 0
12161 0
12181 0
12201 15625
12221 15625
12241 0
12261 15625
12281 0
12301 15625
12321 15625
12341 15625
12361 15625
12381 15625
12401 15625
12421 0
12441 15625
12461 15625
12481 15625
12501 15625
12521 15625
12541 15625
12561 15625
12581 15625
12601 15625
12621 15625
12641 15625
12661 15625
12681 0
12701 15625
12721 15625
12741 0
12761 0
12781 15625
12801 15625
12821 15625
12841 15625
12861 15625
12881 15625
12901 15625
12921 0
12941 15625
12961 0
12981 15625
13001 0
13021 0
13041 15625
13061 15625
13081 15625
13101 15625
13121 15625
13141 15625
13161 0
13181 15625
13201 15625
13221 15625
13241 15625
13261 15625
13281 15625
13301 15625
13321 15625
13341 0
13361 15625
13381 15625
13401 15625
13421 15625
13441 15625
13461 15625
13481 15625
13501 15625
13521 15625
13541 15625
13561 15625
13581 15625
13601 15625
13621 15625
13641 0
13661 15625
13681 15625
13701 15625
13721 15625
13741 15625
13761 0
13781 15625
13801 15625
13821 0
13841 15625
13861 15625
13881 15625
13901 15625
13921 15625
13941 15625
13961 0
13981 15625
14001 15625
14021 15625
14041 15625
14061 15625
14081 15625
14101 15625
14121 15625
14141 0
14161 15625
14181 0
14201 31250
14221 15625
14241 15625
14261 15625
14281 15625
14301 15625
14321 15625
14341 0
14361 15625
14381 0
14401 15625
14421 15625
14441 15625
14461 15625
14481 15625
14501 0
14521 15625
14541 15625
14561 0
14581 15625
14601 0
14621 15625
14641 15625
14661 0
14681 15625
14701 15625
14721 0
14741 0
14761 0
14781 0
14801 15625
14821 15625
14841 15625
14861 15625
14881 15625
14901 15625
14921 15625
14941 15625
14961 15625
14981 15625
15001 15625
15021 15625
15041 0
15061 15625
15081 15625
15101 15625
15121 15625
15141 15625
15161 15625
15181 15625
15201 15625
15221 15625
15241 15625
15261 15625
15281 15625
15301 15625
15321 15625
15341 31250
15361 15625
15381 15625
15401 15625
15421 15625
15441 15625
15461 0
15481 15625
15501 15625
15521 15625
15541 15625
15561 15625
15581 31250
15601 15625
15621 0
15641 15625
15661 15625
15681 0
15701 15625
15721 15625
15741 15625
15761 15625
15781 15625
15801 15625
15821 15625
15841 15625
15861 0
15881 15625
15901 15625
15921 15625
15941 15625
15961 15625
15981 15625
16001 31250
16021 31250
16041 0
16061 15625
16081 15625
16101 15625
16121 31250
16141 15625
16161 15625
16181 15625
16201 15625
16221 15625
16241 15625
16261 15625
16281 15625
16301 15625
16321 15625
16341 15625
16361 15625
16381 15625
16401 15625
16421 0
16441 15625
16461 15625
16481 15625
16501 15625
16521 0
16541 15625
16561 15625
16581 15625
16601 15625
16621 15625
16641 15625
16661 15625
16681 15625
16701 15625
16721 15625
16741 15625
16761 0
16781 15625
16801 15625
16821 31250
16841 15625
16861 15625
16881 15625
16901 15625
16921 15625
16941 31250
16961 15625
16981 15625
17001 15625
17021 0
17041 15625
17061 15625
17081 15625
17101 15625
17121 15625
17141 15625
17161 15625
17181 15625
17201 15625
17221 15625
17241 15625
17261 0
17281 15625
17301 15625
17321 15625
17341 15625
17361 15625
17381 15625
17401 15625
17421 15625
17441 15625
17461 15625
17481 31250
17501 15625
17521 15625
17541 0
17561 15625
17581 15625
17601 15625
17621 15625
17641 15625
17661 15625
17681 15625
17701 15625
17721 15625
17741 15625
17761 15625
17781 15625
17801 15625
17821 15625
17841 15625
17861 15625
17881 15625
17901 15625
17921 15625
17941 15625
17961 15625
17981 15625
18001 15625
18021 15625
18041 15625
18061 15625
18081 15625
18101 15625
18121 15625
18141 15625
18161 15625
18181 15625
18201 15625
18221 15625
18241 15625
18261 15625
18281 15625
18301 15625
18321 15625
18341 15625
18361 15625
18381 15625
18401 15625
18421 15625
18441 15625
18461 15625
18481 15625
18501 15625
18521 15625
18541 15625
18561 15625
18581 15625
18601 15625
18621 15625
18641 15625
18661 15625
18681 15625
18701 31250
18721 15625
18741 15625
18761 15625
18781 15625
18801 15625
18821 15625
18841 15625
18861 15625
18881 15625
18901 15625
18921 15625
18941 15625
18961 15625
18981 15625
19001 15625
19021 15625
19041 15625
19061 31250
19081 15625
19101 15625
19121 15625
19141 15625
19161 15625
19181 15625
19201 31250
19221 15625
19241 31250
19261 15625
19281 15625
19301 15625
19321 15625
19341 15625
19361 15625
19381 15625
19401 15625
19421 15625
19441 15625
19461 15625
19481 15625
19501 15625
19521 15625
19541 15625
19561 15625
19581 31250
19601 15625
19621 15625
19641 15625
19661 15625
19681 15625
19701 15625
19721 15625
19741 15625
19761 15625
19781 31250
19801 15625
19821 15625
19841 15625
19861 15625
19881 15625
19901 15625
19921 15625
19941 15625
19961 15625
19981 15625
20001 15625
20002 31250
20902 15625
21802 15625
22702 15625
23602 31250
24502 15625
25402 15625
26302 31250
27202 31250
28102 31250
29002 31250
29902 31250
30802 31250
31702 31250
32602 31250
33502 31250
34402 31250
35302 31250
36202 46875
37102 31250
38002 46875
38902 31250
39802 46875
40702 46875
41602 46875
42502 31250
43402 31250
44302 46875
45202 46875
46102 31250
47002 31250
47902 46875
48802 46875
49702 46875
50602 46875
51502 46875
52402 46875
53302 46875
54202 46875
55102 46875
56002 46875
56902 46875
57802 46875
58702 62500
59602 46875
60502 62500
61402 46875
62302 46875
63202 62500
64102 93750
65002 46875
65902 62500
66802 78125
67702 62500
68602 93750
69502 78125
70402 93750
71302 62500
72202 93750
73102 93750
74002 62500
74902 93750
75802 93750
76702 93750
77602 109375
78502 78125
79402 62500
80302 62500
81202 93750
82102 93750
83002 78125
83902 78125
84802 78125
85702 93750
86602 78125
87502 93750
88402 78125
89302 78125
90202 93750
91102 78125
92002 78125
92902 78125
93802 93750
94702 78125
95602 93750
96502 78125
97402 93750
98302 93750
99202 93750
100102 93750
101002 125000
101902 93750
102802 93750
103702 93750
104602 125000
105502 125000
106402 93750
107302 93750
108202 109375
109102 140625
110002 93750
110902 109375
111802 109375
112702 109375
113602 93750
114502 93750
115402 109375
116302 125000
117202 140625
118102 140625
119002 109375
119902 125000
120802 109375
121702 140625
122602 140625
123502 125000
124402 125000
125302 140625
126202 125000
127102 140625
128002 109375
128902 156250
129802 109375
130702 125000
131602 125000
132502 156250
133402 125000
134302 171875
135202 140625
136102 125000
137002 140625
137902 125000
138802 125000
139702 171875
140602 140625
141502 171875
142402 125000
143302 156250
144202 171875
145102 171875
146002 187500
146902 140625
147802 140625
148702 140625
149602 140625
150502 187500
151402 140625
152302 156250
153202 171875
154102 140625
155002 140625
155902 187500
156802 218750
157702 140625
158602 187500
159502 140625
160402 171875
161302 171875
162202 187500
163102 187500
164002 187500
164902 187500
165802 171875
166702 140625
167602 218750
168502 156250
169402 156250
170302 203125
171202 218750
172102 171875
173002 156250
173902 187500
174802 156250
175702 187500
176602 187500
177502 171875
178402 218750
179302 171875
180202 171875
181102 171875
182002 187500
182902 171875
183802 250000
184702 171875
185602 171875
186502 187500
187402 187500
188302 203125
189202 187500
190102 203125
191002 187500
191902 187500
192802 187500
193702 187500
194602 187500
195502 187500
196402 250000
197302 234375
198202 234375
199102 250000
200002 218750
200902 218750
201802 234375
202702 218750
203602 203125
204502 187500
205402 203125
206302 187500
207202 218750
208102 250000
209002 265625
209902 234375
210802 187500
211702 281250
212602 203125
213502 250000
214402 203125
215302 234375
216202 218750
217102 218750
218002 218750
218902 250000
219802 250000
220702 203125
221602 203125
222502 250000
223402 218750
224302 218750
225202 250000
226102 265625
227002 250000
227902 234375
228802 218750
229702 218750
230602 218750
231502 281250
232402 296875
233302 265625
234202 281250
235102 312500
236002 281250
236902 218750
237802 265625
238702 281250
239602 281250
240502 312500
241402 281250
242302 265625
243202 265625
244102 234375
245002 281250
245902 312500
246802 234375
247702 265625
248602 234375
249502 296875
250402 250000
251302 328125
252202 343750
253102 296875
254002 328125
254902 281250
255802 328125
256702 265625
257602 281250
258502 296875
259402 312500
260302 312500
261202 312500
262102 265625
263002 312500
263902 296875
264802 250000
265702 265625
266602 281250
267502 296875
268402 343750
269302 359375
270202 281250
271102 312500
272002 265625
272902 328125
273802 265625
274702 343750
275602 312500
276502 265625
277402 281250
278302 343750
279202 328125
280102 359375
281002 281250
281902 343750
282802 265625
283702 281250
284602 359375
285502 343750
286402 296875
287302 390625
288202 390625
289102 296875
290002 343750
290902 281250
291802 281250
292702 328125
293602 296875
294502 296875
295402 312500
296302 359375
297202 296875
298102 281250
299002 296875
299902 296875
300802 312500
301702 312500
302602 296875
303502 375000
304402 312500
305302 390625
306202 359375
307102 328125
308002 312500
308902 375000
309802 359375
310702 343750
311602 296875
312502 359375
313402 312500
314302 328125
315202 296875
316102 375000
317002 343750
317902 390625
318802 375000
319702 390625
320602 421875
321502 421875
322402 312500
323302 328125
324202 312500
325102 328125
326002 328125
326902 375000
327802 390625
328702 375000
329602 328125
330502 375000
331402 375000
332302 390625
333202 328125
334102 421875
335002 390625
335902 359375
336802 343750
337702 328125
338602 343750
339502 312500
340402 343750
341302 328125
342202 343750
343102 406250
344002 406250
344902 453125
345802 421875
346702 343750
347602 343750
348502 437500
349402 468750
350302 484375
351202 453125
352102 421875
353002 343750
353902 453125
354802 406250
355702 406250
356602 390625
357502 437500
358402 421875
359302 406250
360202 421875
361102 437500
362002 406250
362902 343750
363802 468750
364702 359375
365602 359375
366502 359375
367402 390625
368302 421875
369202 437500
370102 437500
371002 359375
371902 453125
372802 453125
373702 359375
374602 453125
375502 406250
376402 421875
377302 437500
378202 453125
379102 375000
380002 421875
380902 421875
381802 453125
382702 468750
383602 390625
384502 437500
385402 500000
386302 437500
387202 484375
388102 484375
389002 500000
389902 437500
390802 468750
391702 468750
392602 484375
393502 453125
394402 406250
395302 468750
396202 500000
397102 390625
398002 500000
398902 500000
399802 500000
400702 421875
401602 421875
402502 500000
403402 406250
404302 484375
405202 421875
406102 515625
407002 390625
407902 546875
408802 406250
409702 515625
410602 406250
411502 500000
412402 531250
413302 406250
414202 484375
415102 531250
416002 421875
416902 500000
417802 531250
418702 515625
419602 531250
420502 484375
421402 406250
422302 453125
423202 421875
424102 500000
425002 531250
425902 468750
426802 546875
427702 500000
428602 500000
429502 531250
430402 468750
431302 546875
432202 421875
433102 515625
434002 484375
434902 578125
435802 531250
436702 546875
437602 531250
438502 468750
439402 500000
440302 500000
441202 437500
442102 421875
443002 546875
443902 562500
444802 562500
445702 515625
446602 484375
447502 578125
448402 500000
449302 546875
450202 593750
451102 546875
452002 531250
452902 500000
453802 437500
454702 562500
455602 453125
456502 546875
457402 453125
458302 484375
459202 453125
460102 531250
461002 562500
461902 546875
462802 593750
463702 578125
464602 562500
465502 515625
466402 562500
467302 578125
468202 562500
469102 515625
470002 562500
470902 593750
471802 562500
472702 593750
473602 609375
474502 609375
475402 593750
476302 515625
477202 609375
478102 562500
479002 609375
479902 593750
480802 593750
481702 578125
482602 609375
483502 609375
484402 578125
485302 484375
486202 609375
487102 640625
488002 500000
488902 531250
489802 593750
490702 640625
491602 562500
492502 640625
493402 531250
494302 593750
495202 531250
496102 578125
497002 515625
497902 578125
498802 640625
499702 640625
500602 578125
501502 515625
502402 625000
503302 625000
504202 640625
505102 609375
506002 640625
506902 500000
507802 656250
508702 656250
509602 640625
510502 625000
511402 640625
512302 593750
513202 531250
514102 656250
515002 625000
515902 593750
516802 656250
517702 625000
518602 671875
519502 640625
520402 640625
521302 640625
522202 640625
523102 625000
524002 656250
524902 656250
525802 671875
526702 640625
527602 656250
528502 656250
529402 703125
530302 625000
531202 687500
532102 625000
533002 609375
533902 625000
534802 578125
535702 578125
536602 562500
537502 593750
538402 656250
539302 734375
540202 656250
541102 609375
542002 718750
542902 734375
543802 562500
544702 734375
545602 671875
546502 687500
547402 671875
548302 734375
549202 671875
550102 609375
551002 656250
551902 656250
552802 718750
553702 718750
554602 687500
555502 703125
556402 703125
557302 734375
558202 718750
559102 687500
560002 734375
560902 703125
561802 718750
562702 578125
563602 750000
564502 718750
565402 625000
566302 703125
567202 734375
568102 687500
569002 625000
569902 718750
570802 656250
571702 750000
572602 734375
573502 671875
574402 734375
575302 750000
576202 734375
577102 796875
578002 781250
578902 703125
579802 671875
580702 703125
581602 718750
582502 781250
583402 765625
584302 687500
585202 734375
586102 703125
587002 734375
587902 671875
588802 656250
589702 843750
590602 843750
591502 625000
592402 625000
593302 625000
594202 625000
595102 765625
596002 781250
596902 640625
597802 609375
598702 781250
599602 718750
600502 687500
601402 765625
602302 781250
603202 843750
604102 750000
605002 734375
605902 828125
606802 968750
607702 750000
608602 781250
609502 1171875
610402 781250
611302 781250
612202 781250
613102 703125
614002 796875
614902 734375
615802 671875
616702 796875
617602 765625
618502 781250
619402 765625
620302 781250
621202 750000
622102 765625
623002 812500
623902 750000
624802 828125
625702 781250
626602 781250
627502 812500
628402 765625
629302 828125
630202 718750
631102 796875
632002 812500
632902 828125
633802 796875
634702 812500
635602 812500
636502 828125
637402 859375
638302 828125
639202 828125
640102 812500
641002 796875
641902 796875
642802 812500
643702 796875
644602 859375
645502 812500
646402 828125
647302 828125
648202 812500
649102 843750
650002 859375
650902 781250
651802 781250
652702 859375
653602 796875
654502 875000
655402 765625
656302 781250
657202 812500
658102 859375
659002 828125
659902 796875
660802 812500
661702 812500
662602 796875
663502 859375
664402 875000
665302 796875
666202 734375
667102 828125
668002 906250
668902 875000
669802 875000
670702 875000
671602 796875
672502 843750
673402 828125
674302 859375
675202 859375
676102 828125
677002 843750
677902 859375
678802 859375
679702 796875
680602 828125
681502 859375
682402 921875
683302 859375
684202 859375
685102 921875
686002 890625
686902 921875
687802 875000
688702 937500
689602 812500
690502 859375
691402 875000
692302 843750
693202 828125
694102 921875
695002 843750
695902 875000
696802 937500
697702 875000
698602 890625
699502 875000
700402 921875
701302 843750
702202 890625
703102 906250
704002 875000
704902 875000
705802 859375
706702 906250
707602 906250
708502 906250
709402 906250
710302 812500
711202 921875
712102 921875
713002 875000
713902 890625
714802 906250
715702 921875
716602 937500
717502 937500
718402 968750
719302 937500
720202 937500
721102 937500
722002 890625
722902 906250
723802 921875
724702 937500
725602 921875
726502 921875
727402 906250
728302 937500
729202 953125
730102 859375
731002 921875
731902 937500
732802 1015625
733702 1062500
734602 968750
735502 921875
736402 890625
737302 1015625
738202 906250
739102 968750
740002 937500
740902 953125
741802 937500
742702 968750
743602 906250
744502 968750
745402 1046875
746302 937500
747202 968750
748102 953125
749002 921875
749902 968750
750802 953125
751702 921875
752602 953125
753502 984375
754402 937500
755302 953125
756202 953125
757102 937500
758002 968750
758902 984375
759802 1093750
760702 968750
761602 906250
762502 984375
763402 921875
764302 984375
765202 968750
766102 1000000
767002 953125
767902 1000000
768802 968750
769702 1062500
770602 968750
771502 984375
772402 1000000
773302 1015625
774202 968750
775102 984375
776002 968750
776902 984375
777802 968750
778702 937500
779602 984375
780502 937500
781402 921875
782302 968750
783202 1015625
784102 1031250
785002 984375
785902 984375
786802 1015625
787702 1015625
788602 1046875
789502 1031250
790402 1015625
791302 1015625
792202 968750
793102 1031250
794002 1031250
794902 1046875
795802 1046875
796702 1046875
797602 1000000
798502 953125
799402 1015625
800302 1140625
801202 1015625
802102 968750
803002 1046875
803902 1218750
804802 1046875
805702 1062500
806602 1031250
807502 968750
808402 1000000
809302 1046875
810202 1046875
811102 1015625
812002 1156250
812902 1046875
813802 1078125
814702 1031250
815602 1031250
816502 1031250
817402 1000000
818302 1062500
819202 1062500
820102 1062500
821002 1062500
821902 1015625
822802 1046875
823702 1031250
824602 1046875
825502 1062500
826402 1031250
827302 1031250
828202 1109375
829102 1031250
830002 1093750
830902 1000000
831802 1015625
832702 1015625
833602 1015625
834502 1031250
835402 1062500
836302 1078125
837202 1046875
838102 1046875
839002 1062500
839902 1046875
840802 1046875
841702 1046875
842602 1078125
843502 1046875
844402 1109375
845302 1093750
846202 1062500
847102 1109375
848002 1093750
848902 1093750
849802 1046875
850702 1125000
851602 1078125
852502 1093750
853402 1109375
854302 1078125
855202 1093750
856102 1093750
857002 1078125
857902 1140625
858802 1156250
859702 1093750
860602 1109375
861502 1109375
862402 1078125
863302 1156250
864202 1093750
865102 1109375
866002 1109375
866902 1078125
867802 1109375
868702 1125000
869602 1093750
870502 1156250
871402 1125000
872302 1125000
873202 1203125
874102 1062500
875002 1140625
875902 1125000
876802 1093750
877702 1109375
878602 1109375
879502 1140625
880402 1109375
881302 1093750
882202 1140625
883102 1187500
884002 1093750
884902 1203125
885802 1109375
886702 1171875
887602 1125000
888502 1109375
889402 1140625
890302 1187500
891202 1187500
892102 1171875
893002 1171875
893902 1156250
894802 1156250
895702 1203125
896602 1203125
897502 1125000
898402 1140625
899302 1203125
900202 1187500
901102 1156250
902002 1125000
902902 1171875
903802 1125000
904702 1187500
905602 1171875
906502 1203125
907402 1171875
908302 1187500
909202 1187500
910102 1171875
911002 1203125
911902 1171875
912802 1187500
913702 1156250
914602 1171875
915502 1203125
916402 1187500
917302 1187500
918202 1156250
