1 0
21 0
41 0
61 0
81 0
101 0
121 0
141 0
161 0
181 0
201 0
221 0
241 0
261 0
281 0
301 0
321 0
341 0
361 0
381 0
401 0
421 0
441 0
461 0
481 0
501 0
521 0
541 0
561 0
581 0
601 0
621 0
641 0
661 0
681 0
701 0
721 0
741 0
761 0
781 0
801 0
821 0
841 0
861 0
881 0
901 0
921 0
941 0
961 0
981 0
1001 0
1021 0
1041 0
1061 0
1081 0
1101 0
1121 0
1141 0
1161 0
1181 0
1201 0
1221 0
1241 0
1261 0
1281 0
1301 0
1321 0
1341 0
1361 0
1381 0
1401 0
1421 0
1441 0
1461 0
1481 0
1501 0
1521 0
1541 0
1561 0
1581 0
1601 0
1621 0
1641 0
1661 0
1681 0
1701 15625
1721 0
1741 0
1761 0
1781 0
1801 0
1821 0
1841 0
1861 0
1881 0
1901 15625
1921 0
1941 0
1961 0
1981 0
2001 0
2021 15625
2041 0
2061 15625
2081 0
2101 0
2121 0
2141 0
2161 0
2181 0
2201 0
2221 0
2241 0
2261 0
2281 0
2301 0
2321 0
2341 15625
2361 0
2381 15625
2401 0
2421 0
2441 0
2461 15625
2481 0
2501 0
2521 0
2541 0
2561 0
2581 0
2601 15625
2621 0
2641 0
2661 0
2681 0
2701 0
2721 0
2741 0
2761 0
2781 0
2801 0
2821 0
2841 0
2861 0
2881 0
2901 0
2921 0
2941 15625
2961 0
2981 0
3001 15625
3021 0
3041 0
3061 0
3081 0
3101 0
3121 0
3141 0
3161 0
3181 0
3201 15625
3221 15625
3241 15625
3261 0
3281 0
3301 0
3321 0
3341 0
3361 15625
3381 0
3401 0
3421 0
3441 0
3461 0
3481 0
3501 0
3521 0
3541 0
3561 0
3581 0
3601 0
3621 15625
3641 0
3661 0
3681 0
3701 0
3721 0
3741 15625
3761 0
3781 0
3801 0
3821 0
3841 0
3861 0
3881 0
3901 0
3921 0
3941 0
3961 0
3981 0
4001 15625
4021 0
4041 0
4061 0
4081 0
4101 15625
4121 0
4141 0
4161 0
4181 0
4201 0
4221 0
4241 15625
4261 15625
4281 0
4301 0
4321 0
4341 15625
4361 15625
4381 15625
4401 15625
4421 15625
4441 15625
4461 15625
4481 15625
4501 15625
4521 0
4541 0
4561 0
4581 15625
4601 0
4621 15625
4641 0
4661 0
4681 0
4701 0
4721 0
4741 0
4761 0
4781 0
4801 0
4821 0
4841 0
4861 0
4881 0
4901 0
4921 0
4941 0
4961 15625
4981 15625
5001 15625
5021 0
5041 0
5061 0
5081 15625
5101 15625
5121 15625
5141 0
5161 0
5181 0
5201 0
5221 0
5241 0
5261 0
5281 15625
5301 0
5321 0
5341 0
5361 0
5381 15625
5401 0
5421 0
5441 0
5461 0
5481 0
5501 0
5521 0
5541 0
5561 0
5581 0
5601 0
5621 0
5641 15625
5661 0
5681 15625
5701 15625
5721 0
5741 0
5761 0
5781 15625
5801 15625
5821 0
5841 0
5861 15625
5881 15625
5901 0
5921 0
5941 0
5961 0
5981 0
6001 0
6021 15625
6041 0
6061 0
6081 0
6101 15625
6121 15625
6141 15625
6161 0
6181 0
6201 0
6221 0
6241 0
6261 0
6281 0
6301 0
6321 0
6341 0
6361 0
6381 15625
6401 0
6421 15625
6441 0
6461 15625
6481 0
6501 15625
6521 0
6541 15625
6561 15625
6581 15625
6601 0
6621 0
6641 15625
6661 0
6681 0
6701 0
6721 0
6741 0
6761 0
6781 0
6801 15625
6821 0
6841 0
6861 0
6881 15625
6901 15625
6921 0
6941 15625
6961 15625
6981 15625
7001 15625
7021 15625
7041 0
7061 0
7081 15625
7101 0
7121 15625
7141 15625
7161 0
7181 15625
7201 0
7221 0
7241 0
7261 0
7281 0
7301 15625
7321 15625
7341 15625
7361 0
7381 0
7401 0
7421 0
7441 0
7461 0
7481 15625
7501 0
7521 15625
7541 0
7561 0
7581 15625
7601 0
7621 15625
7641 0
7661 0
7681 0
7701 15625
7721 15625
7741 0
7761 0
7781 0
7801 0
7821 0
7841 0
7861 15625
7881 0
7901 0
7921 15625
7941 0
7961 0
7981 0
8001 0
8021 15625
8041 0
8061 0
8081 0
8101 15625
8121 15625
8141 0
8161 15625
8181 0
8201 0
8221 0
8241 0
8261 15625
8281 15625
8301 0
8321 0
8341 15625
8361 0
8381 0
8401 0
8421 15625
8441 15625
8461 15625
8481 0
8501 0
8521 0
8541 0
8561 0
8581 0
8601 15625
8621 0
8641 15625
8661 0
8681 0
8701 15625
8721 15625
8741 0
8761 15625
8781 0
8801 0
8821 15625
8841 15625
8861 0
8881 0
8901 0
8921 15625
8941 0
8961 0
8981 0
9001 15625
9021 15625
9041 15625
9061 0
9081 15625
9101 15625
9121 15625
9141 0
9161 0
9181 15625
9201 0
9221 0
9241 15625
9261 0
9281 0
9301 0
9321 0
9341 15625
9361 15625
9381 0
9401 0
9421 15625
9441 15625
9461 0
9481 15625
9501 15625
9521 0
9541 0
9561 15625
9581 15625
9601 15625
9621 15625
9641 0
9661 15625
9681 0
9701 0
9721 0
9741 0
9761 15625
9781 15625
9801 0
9821 15625
9841 0
9861 0
9881 0
9901 0
9921 0
9941 15625
9961 15625
9981 15625
10001 15625
10021 15625
10041 15625
10061 15625
10081 15625
10101 0
10121 0
10141 0
10161 0
10181 15625
10201 15625
10221 0
10241 0
10261 15625
10281 15625
10301 0
10321 0
10341 15625
10361 0
10381 0
10401 15625
10421 0
10441 15625
10461 15625
10481 15625
10501 0
10521 15625
10541 15625
10561 0
10581 0
10601 0
10621 0
10641 15625
10661 0
10681 0
10701 0
10721 15625
10741 15625
10761 15625
10781 0
10801 15625
10821 0
10841 15625
10861 15625
10881 15625
10901 0
10921 15625
10941 0
10961 15625
10981 0
11001 0
11021 0
11041 0
11061 15625
11081 0
11101 15625
11121 15625
11141 15625
11161 0
11181 0
11201 15625
11221 15625
11241 15625
11261 0
11281 15625
11301 15625
11321 0
11341 15625
11361 0
11381 15625
11401 0
11421 0
11441 15625
11461 0
11481 15625
11501 15625
11521 15625
11541 15625
11561 15625
11581 0
11601 15625
11621 0
11641 0
11661 0
11681 15625
11701 0
11721 15625
11741 15625
11761 15625
11781 15625
11801 15625
11821 15625
11841 15625
11861 0
11881 15625
11901 15625
11921 15625
11941 15625
11961 0
11981 0
12001 0
12021 15625
12041 15625
12061 0
12081 0
12101 15625
12121 15625
12141 0
12161 0
12181 15625
12201 15625
12221 15625
12241 15625
12261 0
12281 15625
12301 15625
12321 15625
12341 15625
12361 15625
12381 0
12401 15625
12421 0
12441 15625
12461 15625
12481 15625
12501 15625
12521 0
12541 0
12561 0
12581 0
12601 15625
12621 0
12641 0
12661 15625
12681 0
12701 31250
12721 15625
12741 15625
12761 15625
12781 15625
12801 0
12821 15625
12841 15625
12861 0
12881 15625
12901 0
12921 0
12941 0
12961 0
12981 0
13001 0
13021 0
13041 0
13061 15625
13081 0
13101 15625
13121 0
13141 15625
13161 0
13181 0
13201 15625
13221 15625
13241 0
13261 15625
13281 0
13301 15625
13321 0
13341 15625
13361 0
13381 15625
13401 15625
13421 0
13441 15625
13461 0
13481 0
13501 15625
13521 0
13541 0
13561 15625
13581 15625
13601 15625
13621 15625
13641 0
13661 0
13681 15625
13701 0
13721 0
13741 15625
13761 15625
13781 0
13801 0
13821 0
13841 15625
13861 0
13881 0
13901 15625
13921 15625
13941 0
13961 0
13981 15625
14001 15625
14021 15625
14041 15625
14061 15625
14081 15625
14101 0
14121 15625
14141 0
14161 15625
14181 15625
14201 15625
14221 15625
14241 15625
14261 15625
14281 15625
14301 15625
14321 0
14341 0
14361 0
14381 0
14401 0
14421 15625
14441 15625
14461 0
14481 0
14501 15625
14521 0
14541 0
14561 0
14581 15625
14601 15625
14621 15625
14641 15625
14661 15625
14681 15625
14701 0
14721 0
14741 15625
14761 15625
14781 15625
14801 15625
14821 15625
14841 15625
14861 0
14881 15625
14901 0
14921 15625
14941 0
14961 0
14981 0
15001 15625
15021 0
15041 0
15061 15625
15081 15625
15101 0
15121 15625
15141 15625
15161 15625
15181 15625
15201 15625
15221 15625
15241 15625
15261 15625
15281 15625
15301 31250
15321 15625
15341 0
15361 15625
15381 15625
15401 15625
15421 0
15441 15625
15461 15625
15481 0
15501 15625
15521 0
15541 15625
15561 0
15581 31250
15601 15625
15621 15625
15641 15625
15661 15625
15681 0
15701 15625
15721 15625
15741 15625
15761 15625
15781 15625
15801 15625
15821 0
15841 15625
15861 15625
15881 15625
15901 15625
15921 15625
15941 15625
15961 0
15981 0
16001 15625
16021 15625
16041 15625
16061 15625
16081 15625
16101 15625
16121 0
16141 15625
16161 0
16181 15625
16201 15625
16221 15625
16241 15625
16261 15625
16281 15625
16301 15625
16321 15625
16341 0
16361 15625
16381 15625
16401 15625
16421 15625
16441 15625
16461 15625
16481 0
16501 15625
16521 15625
16541 15625
16561 15625
16581 0
16601 15625
16621 15625
16641 15625
16661 15625
16681 15625
16701 15625
16721 15625
16741 0
16761 0
16781 15625
16801 15625
16821 15625
16841 15625
16861 15625
16881 15625
16901 15625
16921 15625
16941 15625
16961 15625
16981 15625
17001 15625
17021 15625
17041 15625
17061 15625
17081 15625
17101 0
17121 0
17141 15625
17161 15625
17181 15625
17201 15625
17221 15625
17241 15625
17261 15625
17281 15625
17301 15625
17321 15625
17341 15625
17361 15625
17381 0
17401 15625
17421 15625
17441 15625
17461 0
17481 15625
17501 15625
17521 15625
17541 15625
17561 15625
17581 15625
17601 15625
17621 15625
17641 15625
17661 15625
17681 31250
17701 15625
17721 15625
17741 15625
17761 15625
17781 15625
17801 15625
17821 15625
17841 15625
17861 15625
17881 15625
17901 15625
17921 15625
17941 15625
17961 15625
17981 15625
18001 15625
18021 15625
18041 0
18061 15625
18081 15625
18101 0
18121 15625
18141 15625
18161 15625
18181 0
18201 15625
18221 15625
18241 15625
18261 15625
18281 15625
18301 15625
18321 15625
18341 15625
18361 15625
18381 15625
18401 15625
18421 15625
18441 15625
18461 15625
18481 15625
18501 15625
18521 15625
18541 15625
18561 15625
18581 15625
18601 15625
18621 15625
18641 15625
18661 15625
18681 15625
18701 15625
18721 0
18741 15625
18761 15625
18781 15625
18801 15625
18821 0
18841 15625
18861 15625
18881 15625
18901 31250
18921 15625
18941 0
18961 15625
18981 0
19001 15625
19021 15625
19041 15625
19061 15625
19081 15625
19101 15625
19121 15625
19141 15625
19161 15625
19181 15625
19201 15625
19221 15625
19241 15625
19261 15625
19281 0
19301 15625
19321 15625
19341 15625
19361 15625
19381 15625
19401 15625
19421 15625
19441 15625
19461 15625
19481 0
19501 15625
19521 15625
19541 15625
19561 15625
19581 15625
19601 15625
19621 15625
19641 15625
19661 15625
19681 15625
19701 15625
19721 15625
19741 15625
19761 0
19781 15625
19801 15625
19821 15625
19841 15625
19861 15625
19881 15625
19901 15625
19921 15625
19941 15625
19961 15625
19981 15625
20001 15625
20002 15625
20902 15625
21802 15625
22702 15625
23602 31250
24502 15625
25402 15625
26302 15625
27202 15625
28102 15625
29002 15625
29902 31250
30802 15625
31702 15625
32602 31250
33502 31250
34402 31250
35302 31250
36202 31250
37102 31250
38002 31250
38902 31250
39802 31250
40702 31250
41602 31250
42502 31250
43402 31250
44302 46875
45202 31250
46102 46875
47002 46875
47902 31250
48802 46875
49702 31250
50602 31250
51502 46875
52402 46875
53302 46875
54202 31250
55102 62500
56002 31250
56902 46875
57802 46875
58702 46875
59602 46875
60502 46875
61402 46875
62302 46875
63202 46875
64102 46875
65002 46875
65902 46875
66802 46875
67702 78125
68602 62500
69502 62500
70402 62500
71302 46875
72202 78125
73102 46875
74002 46875
74902 62500
75802 46875
76702 62500
77602 62500
78502 78125
79402 62500
80302 62500
81202 46875
82102 62500
83002 62500
83902 62500
84802 62500
85702 78125
86602 62500
87502 93750
88402 78125
89302 78125
90202 62500
91102 78125
92002 78125
92902 93750
93802 62500
94702 62500
95602 93750
96502 78125
97402 62500
98302 62500
99202 78125
100102 62500
101002 125000
101902 78125
102802 78125
103702 125000
104602 109375
105502 78125
106402 109375
107302 93750
108202 78125
109102 78125
110002 93750
110902 93750
111802 93750
112702 109375
113602 93750
114502 93750
115402 78125
116302 125000
117202 78125
118102 93750
119002 93750
119902 93750
120802 93750
121702 93750
122602 93750
123502 125000
124402 125000
125302 109375
126202 125000
127102 93750
128002 125000
128902 93750
129802 125000
130702 109375
131602 93750
132502 109375
133402 93750
134302 93750
135202 109375
136102 93750
137002 109375
137902 109375
138802 140625
139702 109375
140602 125000
141502 109375
142402 171875
143302 109375
144202 156250
145102 109375
146002 109375
146902 125000
147802 109375
148702 109375
149602 140625
150502 109375
151402 109375
152302 125000
153202 125000
154102 109375
155002 125000
155902 171875
156802 171875
157702 140625
158602 125000
159502 125000
160402 125000
161302 125000
162202 125000
163102 125000
164002 125000
164902 187500
165802 125000
166702 125000
167602 203125
168502 187500
169402 125000
170302 140625
171202 125000
172102 140625
173002 187500
173902 140625
174802 125000
175702 187500
176602 140625
177502 125000
178402 125000
179302 187500
180202 156250
181102 140625
182002 203125
182902 156250
183802 156250
184702 156250
185602 156250
186502 187500
187402 203125
188302 156250
189202 140625
190102 156250
191002 140625
191902 171875
192802 171875
193702 156250
194602 156250
195502 156250
196402 156250
197302 156250
198202 156250
199102 156250
200002 156250
200902 156250
201802 156250
202702 156250
203602 203125
204502 171875
205402 187500
206302 187500
207202 171875
208102 187500
209002 203125
209902 234375
210802 171875
211702 171875
212602 203125
213502 187500
214402 156250
215302 171875
216202 203125
217102 203125
218002 218750
218902 171875
219802 203125
220702 218750
221602 218750
222502 171875
223402 218750
224302 234375
225202 171875
226102 171875
227002 187500
227902 203125
228802 187500
229702 171875
230602 250000
231502 187500
232402 187500
233302 187500
234202 187500
235102 203125
236002 218750
236902 187500
237802 218750
238702 234375
239602 187500
240502 203125
241402 281250
242302 203125
243202 187500
244102 250000
245002 234375
245902 250000
246802 234375
247702 203125
248602 250000
249502 187500
250402 265625
251302 203125
252202 234375
253102 265625
254002 203125
254902 203125
255802 203125
256702 265625
257602 218750
258502 203125
259402 203125
260302 203125
261202 203125
262102 218750
263002 281250
263902 250000
264802 218750
265702 296875
266602 312500
267502 218750
268402 203125
269302 218750
270202 218750
271102 234375
272002 234375
272902 218750
273802 296875
274702 218750
275602 218750
276502 218750
277402 281250
278302 218750
279202 218750
280102 234375
281002 234375
281902 250000
282802 312500
283702 218750
284602 218750
285502 312500
286402 234375
287302 265625
288202 234375
289102 218750
290002 234375
290902 296875
291802 281250
292702 296875
293602 265625
294502 250000
295402 234375
296302 234375
297202 250000
298102 281250
299002 250000
299902 281250
300802 296875
301702 281250
302602 343750
303502 234375
304402 281250
305302 328125
306202 328125
307102 328125
308002 281250
308902 250000
309802 250000
310702 250000
311602 250000
312502 328125
313402 281250
314302 328125
315202 312500
316102 312500
317002 343750
317902 343750
318802 250000
319702 265625
320602 406250
321502 359375
322402 265625
323302 343750
324202 312500
325102 375000
326002 265625
326902 343750
327802 281250
328702 250000
329602 312500
330502 296875
331402 312500
332302 359375
333202 328125
334102 328125
335002 265625
335902 312500
336802 328125
337702 328125
338602 265625
339502 343750
340402 343750
341302 359375
342202 281250
343102 343750
344002 296875
344902 281250
345802 328125
346702 281250
347602 375000
348502 312500
349402 359375
350302 375000
351202 312500
352102 359375
353002 343750
353902 359375
354802 343750
355702 359375
356602 406250
357502 281250
358402 343750
359302 343750
360202 328125
361102 359375
362002 312500
362902 296875
363802 375000
364702 359375
365602 359375
366502 296875
367402 359375
368302 296875
369202 406250
370102 375000
371002 312500
371902 406250
372802 390625
373702 312500
374602 406250
375502 312500
376402 390625
377302 375000
378202 390625
379102 359375
380002 312500
380902 343750
381802 421875
382702 328125
383602 406250
384502 375000
385402 359375
386302 421875
387202 421875
388102 343750
389002 406250
389902 406250
390802 312500
391702 312500
392602 375000
393502 406250
394402 312500
395302 406250
396202 406250
397102 375000
398002 328125
398902 390625
399802 406250
400702 453125
401602 328125
402502 406250
403402 437500
404302 328125
405202 421875
406102 375000
407002 328125
407902 390625
408802 437500
409702 437500
410602 328125
411502 390625
412402 421875
413302 406250
414202 437500
415102 421875
416002 343750
416902 359375
417802 453125
418702 375000
419602 421875
420502 468750
421402 375000
422302 359375
423202 359375
424102 375000
425002 390625
425902 375000
426802 453125
427702 390625
428602 421875
429502 375000
430402 359375
431302 375000
432202 406250
433102 406250
434002 359375
434902 359375
435802 437500
436702 375000
437602 453125
438502 359375
439402 359375
440302 453125
441202 484375
442102 359375
443002 468750
443902 453125
444802 437500
445702 500000
446602 359375
447502 437500
448402 375000
449302 375000
450202 437500
451102 390625
452002 468750
452902 375000
453802 359375
454702 484375
455602 484375
456502 406250
457402 453125
458302 375000
459202 406250
460102 421875
461002 468750
461902 437500
462802 531250
463702 453125
464602 453125
465502 468750
466402 406250
467302 515625
468202 484375
469102 390625
470002 468750
470902 531250
471802 468750
472702 515625
473602 531250
474502 437500
475402 421875
476302 437500
477202 437500
478102 453125
479002 437500
479902 468750
480802 437500
481702 453125
482602 453125
483502 500000
484402 406250
485302 484375
486202 500000
487102 515625
488002 500000
488902 500000
489802 531250
490702 546875
491602 390625
492502 500000
493402 406250
494302 437500
495202 406250
496102 437500
497002 500000
497902 484375
498802 500000
499702 515625
500602 484375
501502 468750
502402 468750
503302 500000
504202 421875
505102 500000
506002 531250
506902 406250
507802 453125
508702 515625
509602 484375
510502 453125
511402 468750
512302 515625
513202 421875
514102 531250
515002 437500
515902 437500
516802 515625
517702 531250
518602 531250
519502 500000
520402 453125
521302 437500
522202 531250
523102 453125
524002 515625
524902 562500
525802 562500
526702 531250
527602 531250
528502 500000
529402 531250
530302 546875
531202 484375
532102 515625
533002 453125
533902 562500
534802 593750
535702 578125
536602 609375
537502 453125
538402 515625
539302 578125
540202 484375
541102 562500
542002 578125
542902 578125
543802 593750
544702 546875
545602 640625
546502 531250
547402 546875
548302 468750
549202 515625
550102 468750
551002 562500
551902 593750
552802 593750
553702 562500
554602 593750
555502 593750
556402 531250
557302 515625
558202 562500
559102 562500
560002 593750
560902 593750
561802 562500
562702 546875
563602 609375
564502 593750
565402 468750
566302 546875
567202 593750
568102 656250
569002 578125
569902 500000
570802 625000
571702 515625
572602 484375
573502 484375
574402 609375
575302 500000
576202 609375
577102 484375
578002 578125
578902 609375
579802 515625
580702 546875
581602 609375
582502 578125
583402 578125
584302 640625
585202 656250
586102 562500
587002 593750
587902 625000
588802 578125
589702 625000
590602 687500
591502 531250
592402 515625
593302 515625
594202 515625
595102 625000
596002 531250
596902 500000
597802 640625
598702 515625
599602 515625
600502 609375
601402 593750
602302 578125
603202 625000
604102 640625
605002 546875
605902 625000
606802 671875
607702 625000
608602 546875
609502 656250
610402 656250
611302 515625
612202 640625
613102 718750
614002 640625
614902 625000
615802 609375
616702 656250
617602 609375
618502 578125
619402 625000
620302 625000
621202 656250
622102 609375
623002 593750
623902 656250
624802 656250
625702 593750
626602 656250
627502 578125
628402 671875
629302 609375
630202 578125
631102 671875
632002 609375
632902 531250
633802 703125
634702 546875
635602 656250
636502 625000
637402 609375
638302 687500
639202 640625
640102 656250
641002 687500
641902 625000
642802 640625
643702 625000
644602 625000
645502 703125
646402 593750
647302 718750
648202 656250
649102 687500
650002 671875
650902 640625
651802 703125
652702 734375
653602 593750
654502 703125
655402 656250
656302 687500
657202 562500
658102 890625
659002 562500
659902 687500
660802 718750
661702 687500
662602 703125
663502 687500
664402 718750
665302 703125
666202 718750
667102 718750
668002 718750
668902 703125
669802 750000
670702 687500
671602 734375
672502 718750
673402 718750
674302 718750
675202 703125
676102 687500
677002 703125
677902 718750
678802 703125
679702 734375
680602 687500
681502 718750
682402 750000
683302 625000
684202 750000
685102 671875
686002 703125
686902 734375
687802 687500
688702 593750
689602 609375
690502 578125
691402 765625
692302 687500
693202 750000
694102 671875
695002 578125
695902 734375
696802 687500
697702 718750
698602 765625
699502 609375
700402 734375
701302 734375
702202 750000
703102 765625
704002 703125
704902 656250
705802 765625
706702 750000
707602 765625
708502 781250
709402 625000
710302 734375
711202 703125
712102 687500
713002 703125
713902 656250
714802 781250
715702 781250
716602 734375
717502 781250
718402 687500
719302 781250
720202 718750
721102 703125
722002 656250
722902 765625
723802 781250
724702 765625
725602 765625
726502 781250
727402 734375
728302 750000
729202 765625
730102 765625
731002 765625
731902 781250
732802 750000
733702 828125
734602 734375
735502 812500
736402 750000
737302 765625
738202 781250
739102 781250
740002 781250
740902 750000
741802 843750
742702 781250
743602 765625
744502 796875
745402 687500
746302 765625
747202 765625
748102 781250
749002 765625
749902 781250
750802 781250
751702 781250
752602 859375
753502 781250
754402 812500
755302 765625
756202 812500
757102 828125
758002 718750
758902 812500
759802 796875
760702 828125
761602 812500
762502 703125
763402 796875
764302 828125
765202 765625
766102 734375
767002 875000
767902 781250
768802 781250
769702 812500
770602 750000
771502 828125
772402 828125
773302 765625
774202 718750
775102 796875
776002 703125
776902 828125
777802 890625
778702 781250
779602 812500
780502 812500
781402 812500
782302 828125
783202 828125
784102 812500
785002 843750
785902 859375
786802 765625
787702 843750
788602 796875
789502 843750
790402 828125
791302 875000
792202 828125
793102 890625
794002 859375
794902 843750
795802 796875
796702 859375
797602 828125
798502 812500
799402 828125
800302 859375
801202 828125
802102 859375
803002 750000
803902 906250
804802 843750
805702 859375
806602 843750
807502 890625
808402 843750
809302 781250
810202 859375
811102 812500
812002 875000
812902 812500
813802 859375
814702 890625
815602 890625
816502 906250
817402 828125
818302 843750
819202 796875
820102 890625
821002 859375
821902 906250
822802 859375
823702 906250
824602 875000
825502 812500
826402 859375
827302 875000
828202 937500
829102 843750
830002 843750
830902 875000
831802 906250
832702 890625
833602 859375
834502 937500
835402 859375
836302 937500
837202 859375
838102 968750
839002 906250
839902 828125
840802 843750
841702 906250
842602 859375
843502 843750
844402 875000
845302 921875
846202 828125
847102 906250
848002 843750
848902 890625
849802 921875
850702 859375
851602 937500
852502 828125
853402 890625
854302 906250
855202 921875
856102 937500
857002 875000
857902 859375
858802 921875
859702 890625
860602 937500
861502 796875
862402 859375
863302 968750
864202 906250
865102 921875
866002 890625
866902 906250
867802 968750
868702 843750
869602 859375
870502 875000
871402 875000
872302 875000
873202 890625
874102 953125
875002 890625
875902 906250
876802 890625
877702 921875
878602 937500
879502 984375
880402 906250
881302 921875
882202 906250
883102 906250
884002 968750
884902 937500
885802 968750
886702 921875
887602 937500
888502 921875
889402 906250
890302 1359375
891202 937500
892102 968750
893002 859375
893902 968750
894802 1031250
895702 921875
896602 937500
897502 968750
898402 906250
899302 968750
900202 953125
901102 937500
902002 921875
902902 953125
903802 937500
904702 984375
905602 968750
906502 953125
907402 875000
908302 968750
909202 937500
910102 1000000
911002 953125
911902 921875
912802 1000000
913702 984375
914602 1015625
915502 1031250
916402 968750
917302 1000000
918202 1015625
