1 0
21 0
41 0
61 0
81 0
101 0
121 0
141 0
161 0
181 0
201 0
221 0
241 0
261 0
281 0
301 0
321 0
341 0
361 0
381 0
401 0
421 0
441 0
461 0
481 15625
501 15625
521 0
541 0
561 0
581 0
601 0
621 0
641 0
661 0
681 0
701 0
721 0
741 0
761 0
781 0
801 0
821 0
841 0
861 0
881 0
901 0
921 0
941 0
961 15625
981 0
1001 0
1021 0
1041 0
1061 0
1081 0
1101 0
1121 0
1141 0
1161 15625
1181 0
1201 0
1221 0
1241 0
1261 0
1281 0
1301 0
1321 0
1341 0
1361 0
1381 0
1401 15625
1421 0
1441 0
1461 0
1481 0
1501 0
1521 0
1541 0
1561 0
1581 0
1601 0
1621 0
1641 0
1661 0
1681 0
1701 0
1721 0
1741 0
1761 0
1781 0
1801 0
1821 0
1841 0
1861 0
1881 0
1901 0
1921 0
1941 0
1961 0
1981 15625
2001 0
2021 0
2041 15625
2061 0
2081 0
2101 0
2121 0
2141 0
2161 15625
2181 0
2201 0
2221 0
2241 0
2261 15625
2281 0
2301 0
2321 0
2341 0
2361 0
2381 0
2401 0
2421 0
2441 0
2461 0
2481 0
2501 0
2521 0
2541 15625
2561 0
2581 15625
2601 0
2621 0
2641 15625
2661 0
2681 0
2701 0
2721 0
2741 0
2761 15625
2781 0
2801 0
2821 0
2841 0
2861 0
2881 0
2901 15625
2921 15625
2941 15625
2961 15625
2981 0
3001 0
3021 0
3041 0
3061 15625
3081 0
3101 0
3121 0
3141 0
3161 15625
3181 0
3201 0
3221 0
3241 0
3261 15625
3281 15625
3301 0
3321 0
3341 0
3361 0
3381 15625
3401 15625
3421 0
3441 0
3461 0
3481 0
3501 0
3521 0
3541 15625
3561 0
3581 15625
3601 15625
3621 15625
3641 0
3661 0
3681 0
3701 0
3721 0
3741 0
3761 15625
3781 15625
3801 0
3821 0
3841 15625
3861 0
3881 0
3901 15625
3921 15625
3941 15625
3961 15625
3981 0
4001 15625
4021 15625
4041 0
4061 15625
4081 15625
4101 0
4121 0
4141 15625
4161 0
4181 0
4201 0
4221 0
4241 0
4261 15625
4281 0
4301 15625
4321 0
4341 0
4361 0
4381 0
4401 0
4421 0
4441 0
4461 15625
4481 0
4501 0
4521 15625
4541 0
4561 15625
4581 0
4601 15625
4621 15625
4641 0
4661 0
4681 0
4701 0
4721 0
4741 0
4761 0
4781 0
4801 0
4821 15625
4841 0
4861 0
4881 0
4901 0
4921 15625
4941 0
4961 0
4981 15625
5001 0
5021 15625
5041 0
5061 0
5081 15625
5101 0
5121 0
5141 0
5161 0
5181 0
5201 0
5221 0
5241 15625
5261 0
5281 15625
5301 15625
5321 0
5341 15625
5361 15625
5381 15625
5401 0
5421 0
5441 0
5461 0
5481 15625
5501 15625
5521 0
5541 0
5561 0
5581 0
5601 15625
5621 15625
5641 15625
5661 0
5681 0
5701 0
5721 15625
5741 15625
5761 0
5781 0
5801 0
5821 0
5841 0
5861 0
5881 15625
5901 15625
5921 0
5941 0
5961 0
5981 0
6001 0
6021 0
6041 0
6061 15625
6081 0
6101 15625
6121 15625
6141 0
6161 15625
6181 0
6201 0
6221 15625
6241 0
6261 0
6281 15625
6301 0
6321 15625
6341 0
6361 15625
6381 0
6401 0
6421 0
6441 15625
6461 15625
6481 0
6501 0
6521 0
6541 0
6561 0
6581 15625
6601 0
6621 0
6641 0
6661 15625
6681 0
6701 0
6721 0
6741 15625
6761 0
6781 15625
6801 0
6821 15625
6841 0
6861 15625
6881 0
6901 0
6921 0
6941 15625
6961 15625
6981 0
7001 15625
7021 15625
7041 15625
7061 0
7081 0
7101 15625
7121 15625
7141 15625
7161 15625
7181 0
7201 15625
7221 15625
7241 15625
7261 0
7281 0
7301 15625
7321 0
7341 15625
7361 15625
7381 15625
7401 15625
7421 0
7441 0
7461 0
7481 15625
7501 15625
7521 15625
7541 0
7561 0
7581 15625
7601 0
7621 15625
7641 15625
7661 0
7681 15625
7701 0
7721 0
7741 15625
7761 0
7781 0
7801 15625
7821 15625
7841 0
7861 0
7881 15625
7901 15625
7921 0
7941 0
7961 0
7981 0
8001 15625
8021 15625
8041 15625
8061 0
8081 15625
8101 15625
8121 0
8141 15625
8161 15625
8181 15625
8201 15625
8221 15625
8241 15625
8261 0
8281 15625
8301 0
8321 0
8341 0
8361 15625
8381 15625
8401 15625
8421 15625
8441 0
8461 15625
8481 15625
8501 15625
8521 15625
8541 15625
8561 0
8581 15625
8601 15625
8621 0
8641 0
8661 0
8681 0
8701 15625
8721 15625
8741 15625
8761 15625
8781 15625
8801 15625
8821 15625
8841 15625
8861 0
8881 15625
8901 0
8921 0
8941 0
8961 0
8981 0
9001 0
9021 15625
9041 0
9061 0
9081 15625
9101 15625
9121 0
9141 15625
9161 0
9181 15625
9201 15625
9221 15625
9241 15625
9261 15625
9281 0
9301 0
9321 0
9341 15625
9361 15625
9381 15625
9401 0
9421 0
9441 15625
9461 15625
9481 0
9501 15625
9521 15625
9541 0
9561 15625
9581 0
9601 0
9621 0
9641 0
9661 15625
9681 0
9701 15625
9721 15625
9741 15625
9761 0
9781 15625
9801 15625
9821 15625
9841 0
9861 15625
9881 0
9901 0
9921 15625
9941 15625
9961 0
9981 0
10001 15625
10021 15625
10041 0
10061 0
10081 0
10101 15625
10121 15625
10141 0
10161 15625
10181 15625
10201 15625
10221 0
10241 15625
10261 0
10281 15625
10301 15625
10321 15625
10341 0
10361 15625
10381 0
10401 15625
10421 15625
10441 0
10461 15625
10481 0
10501 15625
10521 31250
10541 0
10561 15625
10581 15625
10601 15625
10621 0
10641 15625
10661 15625
10681 0
10701 15625
10721 0
10741 15625
10761 0
10781 15625
10801 15625
10821 15625
10841 15625
10861 0
10881 0
10901 15625
10921 15625
10941 15625
10961 15625
10981 0
11001 15625
11021 15625
11041 15625
11061 15625
11081 15625
11101 15625
11121 15625
11141 0
11161 15625
11181 15625
11201 15625
11221 15625
11241 15625
11261 15625
11281 0
11301 0
11321 15625
11341 15625
11361 15625
11381 15625
11401 0
11421 15625
11441 15625
11461 15625
11481 15625
11501 0
11521 15625
11541 15625
11561 15625
11581 15625
11601 15625
11621 15625
11641 15625
11661 0
11681 15625
11701 0
11721 0
11741 15625
11761 15625
11781 15625
11801 0
11821 0
11841 0
11861 15625
11881 0
11901 0
11921 31250
11941 15625
11961 15625
11981 15625
12001 15625
12021 15625
12041 15625
12061 15625
12081 15625
12101 15625
12121 15625
12141 15625
12161 15625
12181 15625
12201 15625
12221 15625
12241 0
12261 15625
12281 15625
12301 15625
12321 15625
12341 15625
12361 15625
12381 15625
12401 15625
12421 0
12441 15625
12461 15625
12481 15625
12501 15625
12521 0
12541 15625
12561 0
12581 15625
12601 15625
12621 15625
12641 15625
12661 15625
12681 15625
12701 15625
12721 15625
12741 15625
12761 15625
12781 15625
12801 15625
12821 15625
12841 15625
12861 31250
12881 15625
12901 15625
12921 31250
12941 0
12961 15625
12981 15625
13001 15625
13021 0
13041 15625
13061 15625
13081 0
13101 15625
13121 15625
13141 15625
13161 15625
13181 15625
13201 15625
13221 15625
13241 0
13261 15625
13281 15625
13301 0
13321 15625
13341 15625
13361 15625
13381 15625
13401 15625
13421 15625
13441 31250
13461 15625
13481 31250
13501 15625
13521 31250
13541 15625
13561 0
13581 15625
13601 15625
13621 15625
13641 15625
13661 15625
13681 0
13701 0
13721 15625
13741 15625
13761 15625
13781 15625
13801 15625
13821 15625
13841 15625
13861 15625
13881 31250
13901 15625
13921 15625
13941 15625
13961 15625
13981 15625
14001 15625
14021 15625
14041 15625
14061 0
14081 15625
14101 15625
14121 31250
14141 15625
14161 15625
14181 15625
14201 15625
14221 15625
14241 15625
14261 15625
14281 0
14301 15625
14321 15625
14341 15625
14361 15625
14381 15625
14401 15625
14421 15625
14441 15625
14461 15625
14481 0
14501 15625
14521 0
14541 15625
14561 31250
14581 15625
14601 15625
14621 15625
14641 15625
14661 15625
14681 15625
14701 15625
14721 15625
14741 15625
14761 15625
14781 15625
14801 15625
14821 15625
14841 15625
14861 15625
14881 15625
14901 15625
14921 15625
14941 15625
14961 15625
14981 15625
15001 15625
15021 15625
15041 15625
15061 15625
15081 15625
15101 15625
15121 15625
15141 15625
15161 15625
15181 15625
15201 15625
15221 15625
15241 15625
15261 15625
15281 15625
15301 15625
15321 15625
15341 15625
15361 15625
15381 15625
15401 0
15421 15625
15441 15625
15461 15625
15481 0
15501 15625
15521 15625
15541 15625
15561 15625
15581 15625
15601 15625
15621 15625
15641 15625
15661 15625
15681 15625
15701 15625
15721 15625
15741 15625
15761 15625
15781 15625
15801 15625
15821 15625
15841 15625
15861 15625
15881 15625
15901 15625
15921 15625
15941 15625
15961 15625
15981 15625
16001 15625
16021 15625
16041 15625
16061 15625
16081 15625
16101 15625
16121 15625
16141 15625
16161 15625
16181 15625
16201 15625
16221 15625
16241 15625
16261 15625
16281 15625
16301 15625
16321 15625
16341 15625
16361 15625
16381 15625
16401 15625
16421 15625
16441 15625
16461 15625
16481 15625
16501 15625
16521 15625
16541 15625
16561 15625
16581 15625
16601 15625
16621 15625
16641 15625
16661 15625
16681 15625
16701 15625
16721 0
16741 15625
16761 31250
16781 15625
16801 15625
16821 15625
16841 15625
16861 15625
16881 15625
16901 15625
16921 15625
16941 15625
16961 15625
16981 15625
17001 15625
17021 15625
17041 15625
17061 15625
17081 15625
17101 15625
17121 15625
17141 15625
17161 15625
17181 15625
17201 15625
17221 31250
17241 15625
17261 15625
17281 15625
17301 15625
17321 15625
17341 15625
17361 15625
17381 15625
17401 15625
17421 15625
17441 15625
17461 15625
17481 15625
17501 15625
17521 15625
17541 15625
17561 15625
17581 15625
17601 31250
17621 31250
17641 15625
17661 15625
17681 15625
17701 31250
17721 15625
17741 15625
17761 15625
17781 15625
17801 15625
17821 15625
17841 15625
17861 15625
17881 15625
17901 15625
17921 15625
17941 15625
17961 31250
17981 15625
18001 31250
18021 15625
18041 15625
18061 15625
18081 15625
18101 15625
18121 15625
18141 15625
18161 15625
18181 15625
18201 15625
18221 15625
18241 15625
18261 31250
18281 15625
18301 15625
18321 15625
18341 15625
18361 15625
18381 15625
18401 15625
18421 15625
18441 15625
18461 15625
18481 15625
18501 31250
18521 15625
18541 31250
18561 15625
18581 31250
18601 15625
18621 15625
18641 15625
18661 31250
18681 15625
18701 15625
18721 31250
18741 15625
18761 31250
18781 31250
18801 31250
18821 31250
18841 15625
18861 15625
18881 31250
18901 15625
18921 15625
18941 31250
18961 15625
18981 31250
19001 15625
19021 31250
19041 31250
19061 15625
19081 31250
19101 15625
19121 15625
19141 15625
19161 15625
19181 15625
19201 15625
19221 31250
19241 15625
19261 31250
19281 31250
19301 15625
19321 15625
19341 15625
19361 31250
19381 31250
19401 15625
19421 15625
19441 31250
19461 15625
19481 15625
19501 15625
19521 15625
19541 15625
19561 15625
19581 31250
19601 15625
19621 31250
19641 15625
19661 15625
19681 15625
19701 15625
19721 15625
19741 31250
19761 31250
19781 15625
19801 31250
19821 15625
19841 15625
19861 15625
19881 15625
19901 15625
19921 15625
19941 15625
19961 15625
19981 31250
20001 15625
20002 15625
20902 15625
21802 31250
22702 31250
23602 31250
24502 31250
25402 31250
26302 31250
27202 31250
28102 31250
29002 31250
29902 31250
30802 31250
31702 31250
32602 46875
33502 31250
34402 46875
35302 31250
36202 46875
37102 46875
38002 46875
38902 46875
39802 46875
40702 31250
41602 46875
42502 62500
43402 46875
44302 46875
45202 62500
46102 46875
47002 62500
47902 46875
48802 46875
49702 62500
50602 46875
51502 46875
52402 78125
53302 62500
54202 46875
55102 62500
56002 62500
56902 46875
57802 46875
58702 62500
59602 62500
60502 62500
61402 62500
62302 62500
63202 62500
64102 62500
65002 62500
65902 93750
66802 62500
67702 62500
68602 78125
69502 78125
70402 93750
71302 78125
72202 78125
73102 78125
74002 78125
74902 78125
75802 109375
76702 78125
77602 93750
78502 109375
79402 109375
80302 125000
81202 78125
82102 109375
83002 78125
83902 93750
84802 93750
85702 125000
86602 93750
87502 93750
88402 93750
89302 140625
90202 109375
91102 93750
92002 125000
92902 125000
93802 109375
94702 140625
95602 125000
96502 93750
97402 93750
98302 140625
99202 93750
100102 109375
101002 109375
101902 109375
102802 109375
103702 109375
104602 140625
105502 109375
106402 125000
107302 125000
108202 125000
109102 109375
110002 109375
110902 125000
111802 156250
112702 109375
113602 156250
114502 140625
115402 125000
116302 125000
117202 140625
118102 171875
119002 171875
119902 125000
120802 171875
121702 140625
122602 203125
123502 156250
124402 140625
125302 250000
126202 171875
127102 140625
128002 156250
128902 125000
129802 156250
130702 187500
131602 203125
132502 187500
133402 187500
134302 140625
135202 140625
136102 171875
137002 140625
137902 171875
138802 156250
139702 156250
140602 171875
141502 187500
142402 156250
143302 187500
144202 156250
145102 156250
146002 171875
146902 203125
147802 187500
148702 156250
149602 218750
150502 203125
151402 234375
152302 218750
153202 156250
154102 171875
155002 234375
155902 203125
156802 171875
157702 171875
158602 218750
159502 203125
160402 218750
161302 203125
162202 218750
163102 218750
164002 250000
164902 187500
165802 171875
166702 187500
167602 187500
168502 218750
169402 187500
170302 250000
171202 234375
172102 187500
173002 218750
173902 234375
174802 203125
175702 250000
176602 234375
177502 203125
178402 250000
179302 203125
180202 234375
181102 250000
182002 203125
182902 203125
183802 203125
184702 218750
185602 265625
186502 203125
187402 265625
188302 234375
189202 218750
190102 203125
191002 281250
191902 218750
192802 250000
193702 218750
194602 265625
195502 218750
196402 218750
197302 218750
198202 375000
199102 218750
200002 281250
200902 234375
201802 218750
202702 234375
203602 218750
204502 218750
205402 312500
206302 281250
207202 234375
208102 218750
209002 296875
209902 265625
210802 296875
211702 234375
212602 281250
213502 234375
214402 312500
215302 250000
216202 265625
217102 375000
218002 250000
218902 328125
219802 343750
220702 328125
221602 312500
222502 250000
223402 312500
224302 296875
225202 281250
226102 328125
227002 265625
227902 328125
228802 281250
229702 312500
230602 343750
231502 250000
232402 312500
233302 296875
234202 328125
235102 250000
236002 250000
236902 312500
237802 265625
238702 265625
239602 312500
240502 359375
241402 296875
242302 296875
243202 312500
244102 343750
245002 296875
245902 359375
246802 281250
247702 343750
248602 281250
249502 359375
250402 343750
251302 406250
252202 328125
253102 312500
254002 281250
254902 281250
255802 359375
256702 312500
257602 359375
258502 375000
259402 296875
260302 312500
261202 343750
262102 375000
263002 390625
263902 359375
264802 390625
265702 390625
266602 312500
267502 406250
268402 375000
269302 359375
270202 343750
271102 343750
272002 390625
272902 437500
273802 328125
274702 406250
275602 328125
276502 421875
277402 312500
278302 437500
279202 406250
280102 421875
281002 437500
281902 375000
282802 375000
283702 390625
284602 421875
285502 453125
286402 343750
287302 421875
288202 437500
289102 390625
290002 406250
290902 343750
291802 343750
292702 328125
293602 421875
294502 406250
295402 437500
296302 468750
297202 359375
298102 375000
299002 421875
299902 343750
300802 343750
301702 390625
302602 359375
303502 359375
304402 390625
305302 406250
306202 390625
307102 359375
308002 359375
308902 437500
309802 437500
310702 421875
311602 359375
312502 406250
313402 406250
314302 375000
315202 375000
316102 453125
317002 437500
317902 437500
318802 468750
319702 375000
320602 500000
321502 500000
322402 375000
323302 375000
324202 484375
325102 375000
326002 453125
326902 406250
327802 375000
328702 468750
329602 375000
330502 484375
331402 390625
332302 406250
333202 500000
334102 500000
335002 390625
335902 453125
336802 390625
337702 500000
338602 515625
339502 437500
340402 453125
341302 406250
342202 515625
343102 468750
344002 484375
344902 484375
345802 390625
346702 515625
347602 406250
348502 484375
349402 500000
350302 406250
351202 437500
352102 500000
353002 390625
353902 406250
354802 531250
355702 500000
356602 468750
357502 500000
358402 531250
359302 500000
360202 406250
361102 546875
362002 437500
362902 515625
363802 468750
364702 531250
365602 453125
366502 453125
367402 531250
368302 421875
369202 531250
370102 531250
371002 437500
371902 578125
372802 500000
373702 562500
374602 562500
375502 484375
376402 593750
377302 531250
378202 515625
379102 437500
380002 546875
380902 515625
381802 531250
382702 515625
383602 578125
384502 546875
385402 562500
386302 546875
387202 531250
388102 546875
389002 562500
389902 515625
390802 546875
391702 609375
392602 593750
393502 562500
394402 562500
395302 562500
396202 593750
397102 468750
398002 562500
398902 562500
399802 578125
400702 531250
401602 609375
402502 578125
403402 500000
404302 578125
405202 625000
406102 515625
407002 625000
407902 500000
408802 468750
409702 593750
410602 531250
411502 562500
412402 562500
413302 609375
414202 609375
415102 593750
416002 625000
416902 515625
417802 593750
418702 562500
419602 531250
420502 562500
421402 578125
422302 531250
423202 578125
424102 593750
425002 687500
425902 609375
426802 625000
427702 625000
428602 609375
429502 640625
430402 593750
431302 609375
432202 593750
433102 609375
434002 625000
434902 625000
435802 500000
436702 625000
437602 609375
438502 625000
439402 625000
440302 687500
441202 609375
442102 625000
443002 640625
443902 656250
444802 625000
445702 593750
446602 640625
447502 578125
448402 640625
449302 625000
450202 640625
451102 640625
452002 656250
452902 625000
453802 671875
454702 671875
455602 671875
456502 656250
457402 656250
458302 687500
459202 546875
460102 625000
461002 703125
461902 640625
462802 671875
463702 671875
464602 640625
465502 687500
466402 656250
467302 703125
468202 687500
469102 703125
470002 671875
470902 718750
471802 671875
472702 687500
473602 703125
474502 703125
475402 687500
476302 671875
477202 703125
478102 765625
479002 718750
479902 718750
480802 703125
481702 703125
482602 640625
483502 640625
484402 656250
485302 687500
486202 765625
487102 671875
488002 734375
488902 671875
489802 703125
490702 656250
491602 703125
492502 734375
493402 734375
494302 687500
495202 687500
496102 671875
497002 718750
497902 734375
498802 750000
499702 671875
500602 750000
501502 734375
502402 703125
503302 734375
504202 734375
505102 750000
506002 750000
506902 734375
507802 734375
508702 750000
509602 703125
510502 750000
511402 703125
512302 734375
513202 734375
514102 734375
515002 765625
515902 765625
516802 718750
517702 843750
518602 750000
519502 765625
520402 796875
521302 765625
522202 781250
523102 843750
524002 765625
524902 781250
525802 781250
526702 750000
527602 796875
528502 781250
529402 843750
530302 828125
531202 796875
532102 656250
533002 656250
533902 734375
534802 640625
535702 656250
536602 687500
537502 656250
538402 828125
539302 812500
540202 765625
541102 671875
542002 812500
542902 828125
543802 828125
544702 859375
545602 859375
546502 734375
547402 828125
548302 796875
549202 859375
550102 812500
551002 828125
551902 843750
552802 750000
553702 843750
554602 843750
555502 859375
556402 812500
557302 796875
558202 828125
559102 859375
560002 812500
560902 859375
561802 875000
562702 859375
563602 843750
564502 781250
565402 859375
566302 843750
567202 843750
568102 828125
569002 828125
569902 828125
570802 843750
571702 812500
572602 781250
573502 859375
574402 859375
575302 859375
576202 875000
577102 890625
578002 890625
578902 859375
579802 859375
580702 843750
581602 859375
582502 921875
583402 906250
584302 859375
585202 937500
586102 906250
587002 765625
587902 718750
588802 812500
589702 734375
590602 750000
591502 796875
592402 906250
593302 890625
594202 718750
595102 750000
596002 953125
596902 750000
597802 937500
598702 750000
599602 859375
600502 890625
601402 906250
602302 859375
603202 843750
604102 906250
605002 937500
605902 921875
606802 921875
607702 937500
608602 906250
609502 875000
610402 843750
611302 859375
612202 906250
613102 937500
614002 859375
614902 953125
615802 890625
616702 921875
617602 953125
618502 921875
619402 984375
620302 953125
621202 953125
622102 921875
623002 906250
623902 843750
624802 968750
625702 937500
626602 937500
627502 968750
628402 906250
629302 984375
630202 921875
631102 953125
632002 1000000
632902 953125
633802 921875
634702 984375
635602 937500
636502 968750
637402 984375
638302 968750
639202 921875
640102 953125
641002 984375
641902 1000000
642802 937500
643702 953125
644602 937500
645502 968750
646402 984375
647302 984375
648202 921875
649102 1000000
650002 953125
650902 1078125
651802 968750
652702 937500
653602 953125
654502 984375
655402 1000000
656302 921875
657202 968750
658102 1000000
659002 968750
659902 1000000
660802 921875
661702 968750
662602 1015625
663502 1031250
664402 1000000
665302 1281250
666202 1000000
667102 984375
668002 968750
668902 1015625
669802 1046875
670702 1000000
671602 953125
672502 1015625
673402 953125
674302 937500
675202 1046875
676102 937500
677002 1046875
677902 984375
678802 1031250
679702 1046875
680602 1093750
681502 1015625
682402 984375
683302 1015625
684202 1031250
685102 984375
686002 1031250
686902 1031250
687802 984375
688702 1046875
689602 1046875
690502 1031250
691402 1062500
692302 1000000
693202 921875
694102 1031250
695002 984375
695902 1046875
696802 1078125
697702 1062500
698602 1062500
699502 1062500
700402 1046875
701302 1015625
702202 1093750
703102 1140625
704002 984375
704902 1046875
705802 1078125
706702 1078125
707602 1046875
708502 1015625
709402 984375
710302 1062500
711202 1000000
712102 1062500
713002 1062500
713902 1062500
714802 1046875
715702 1062500
716602 1046875
717502 1109375
718402 1031250
719302 1109375
720202 1046875
721102 1125000
722002 1062500
722902 1109375
723802 1109375
724702 1125000
725602 1062500
726502 1078125
727402 1109375
728302 1078125
729202 1093750
730102 1093750
731002 1109375
731902 1093750
732802 1187500
733702 1062500
734602 1140625
735502 1109375
736402 1093750
737302 1093750
738202 1078125
739102 1140625
740002 1156250
740902 1109375
741802 1093750
742702 1093750
743602 1078125
744502 1078125
745402 1078125
746302 1156250
747202 1078125
748102 1156250
749002 1093750
749902 1062500
750802 1140625
751702 1203125
752602 1140625
753502 1109375
754402 1125000
755302 1140625
756202 1125000
757102 1171875
758002 1140625
758902 1171875
759802 1140625
760702 1046875
761602 1125000
762502 1156250
763402 2125000
764302 1140625
765202 1156250
766102 1171875
767002 1140625
767902 1140625
768802 1109375
769702 1125000
770602 1171875
771502 1140625
772402 1125000
773302 1171875
774202 1250000
775102 1187500
776002 1187500
776902 1171875
777802 1171875
778702 1203125
779602 1171875
780502 1171875
781402 1156250
782302 1234375
783202 1156250
784102 1265625
785002 1203125
785902 1218750
786802 1218750
787702 1218750
788602 1218750
789502 1187500
790402 1234375
791302 1171875
792202 1203125
793102 1156250
794002 1265625
794902 1171875
795802 1250000
796702 1187500
797602 1203125
798502 1234375
799402 1250000
800302 1234375
801202 1250000
802102 1203125
803002 1156250
803902 1234375
804802 1250000
805702 1250000
806602 1171875
807502 1203125
808402 1250000
809302 1203125
810202 1171875
811102 1250000
812002 1265625
812902 1250000
813802 1203125
814702 1234375
815602 1156250
816502 1234375
817402 1203125
818302 1234375
819202 1250000
820102 1234375
821002 1187500
821902 1234375
822802 1281250
823702 1218750
824602 1218750
825502 1265625
826402 1250000
827302 1234375
828202 1281250
829102 1281250
830002 1187500
830902 1234375
831802 1203125
832702 1296875
833602 1265625
834502 1265625
835402 1234375
836302 1265625
837202 1218750
838102 1265625
839002 1250000
839902 1250000
840802 1265625
841702 1296875
842602 1250000
843502 1281250
844402 1296875
845302 1312500
846202 1218750
847102 1218750
848002 1250000
848902 1312500
849802 1281250
850702 1328125
851602 1312500
852502 1328125
853402 1234375
854302 1250000
855202 1343750
856102 1328125
857002 1312500
857902 1250000
858802 1343750
859702 1250000
860602 1328125
861502 1328125
862402 1265625
863302 1296875
864202 1265625
865102 1312500
866002 1296875
866902 1312500
867802 1312500
868702 1328125
869602 1312500
870502 1359375
871402 1359375
872302 1328125
873202 1359375
874102 1343750
875002 1328125
875902 1250000
876802 1312500
877702 1359375
878602 1265625
879502 1406250
880402 1343750
881302 1359375
882202 1390625
883102 1296875
884002 1265625
884902 1312500
885802 1343750
886702 1343750
887602 1390625
888502 1375000
889402 1328125
890302 1328125
891202 1328125
892102 1359375
893002 1281250
893902 1328125
894802 1359375
895702 1343750
896602 1421875
897502 1375000
898402 1312500
899302 1375000
900202 1281250
901102 1390625
902002 1421875
902902 1375000
903802 1328125
904702 1406250
905602 1328125
906502 1328125
907402 1375000
908302 1375000
909202 1406250
910102 1375000
911002 1375000
911902 1437500
912802 1406250
913702 1453125
914602 1359375
915502 1406250
916402 1375000
917302 1359375
918202 1343750
