9384 0
15291 15625
14747 15625
18302 15625
11676 15625
12542 15625
18678 0
7897 0
14916 15625
9296 0
11424 15625
3761 0
10891 0
6684 0
19094 15625
8445 0
18266 15625
8599 15625
11450 0
11912 15625
11057 15625
11171 0
9903 15625
4874 0
12062 0
1558 0
518 0
2132 0
12856 15625
10534 15625
5897 0
11179 15625
15304 15625
359 0
13065 15625
9157 15625
14200 15625
1321 0
637 15625
17307 15625
2446 0
16167 15625
13573 15625
8250 0
14291 15625
4390 15625
14791 15625
10568 15625
9693 0
203 0
13914 15625
10499 15625
2079 15625
16681 15625
7399 0
14880 15625
1179 0
13578 0
1136 0
10906 15625
1107 0
13475 15625
13516 0
1097 0
8514 15625
9176 0
9040 0
16779 15625
1790 0
12513 15625
10069 0
5407 15625
1873 0
13175 15625
15508 0
674 0
15731 15625
10065 0
4420 0
10116 15625
19005 15625
6136 0
16498 15625
10278 15625
16692 15625
6223 0
17520 15625
5618 0
7330 0
8012 15625
5336 15625
3804 0
13199 15625
738 0
17601 15625
19202 15625
14415 15625
622 0
19573 15625
1241 0
11467 0
18787 15625
8290 0
11376 0
18824 15625
17690 15625
16662 15625
14341 0
5573 0
3057 0
5862 0
17464 0
8696 0
1524 0
13280 15625
10858 15625
3551 0
12865 15625
9330 0
13434 15625
7001 0
7011 0
19394 15625
13647 15625
3403 0
5882 0
15347 0
4792 0
18141 15625
6142 15625
13475 15625
7485 15625
13876 15625
16332 15625
615 0
6138 15625
16247 15625
11629 0
4276 0
17661 15625
4197 0
2606 0
409 0
19411 15625
13589 0
5618 15625
12484 15625
7068 0
5702 0
484 0
3519 0
10752 0
8746 15625
10105 0
2397 0
1121 0
14754 15625
3416 0
17639 15625
12258 0
3758 0
1592 0
2939 0
17853 15625
1852 0
16015 15625
19998 15625
10209 0
13140 15625
14727 15625
14619 0
19876 15625
1097 0
16579 15625
12841 15625
6547 0
19483 0
1065 0
5994 15625
10618 0
14584 15625
5074 0
12843 15625
7156 0
388 0
9054 15625
7707 0
6470 0
11584 15625
17183 15625
16308 15625
19363 15625
18053 15625
15969 15625
16415 15625
18847 15625
15709 15625
3718 0
5644 0
10604 0
12951 0
17373 15625
14633 15625
8009 15625
1744 0
14505 0
13446 0
7985 0
3673 0
10016 0
1591 0
19700 15625
9908 15625
2355 0
19449 15625
3294 0
11513 15625
15655 15625
642 0
15095 15625
8877 0
18091 0
216 0
19988 0
11765 0
11092 0
3048 0
13271 15625
2803 0
8385 15625
8150 0
12004 15625
11494 0
12940 15625
16096 15625
6105 0
77 0
584 0
9766 15625
14470 0
19725 15625
17868 0
9160 15625
3449 0
7637 0
13116 0
6177 0
7055 15625
17388 15625
16523 15625
16645 0
3563 15625
322 0
3086 0
6783 0
1904 0
8896 15625
5438 15625
389 0
13284 0
10084 0
2396 0
14194 15625
7759 0
11140 15625
13449 15625
6379 0
8656 15625
8829 0
18948 15625
11246 0
19678 15625
12394 15625
567 0
5831 0
2743 0
4629 15625
5887 0
19731 15625
17299 15625
2711 15625
58 0
17586 15625
19393 0
3381 0
1056 0
6083 0
1877 0
18141 0
9345 15625
14746 15625
17886 15625
5462 0
13887 15625
19136 15625
7619 0
2888 0
14479 0
2585 0
18754 0
9094 0
7983 15625
18066 15625
477 0
1204 0
9017 0
2926 0
3337 0
12736 0
15516 15625
6122 0
7570 15625
13157 15625
18139 15625
9937 0
18830 15625
8411 15625
4480 0
14942 15625
15151 0
5353 0
5361 0
16886 15625
3701 0
17385 0
19503 15625
1409 0
16170 15625
7861 0
7342 0
12222 0
16216 15625
557 0
9877 0
12847 15625
15317 0
3224 0
8863 0
6444 0
8424 0
3476 0
12437 0
19054 0
4929 0
4202 0
19339 15625
10717 15625
10854 15625
17167 0
7549 15625
17294 15625
11876 15625
12018 15625
4734 0
2051 0
19095 15625
18093 0
9617 15625
19621 15625
17056 0
18709 15625
12072 15625
12954 0
6098 0
6602 0
13030 0
15792 15625
18832 15625
7776 15625
16223 15625
5532 0
8716 15625
7192 0
11625 0
12965 15625
8197 15625
1764 0
11477 15625
19395 15625
14270 31250
2892 0
5365 15625
86 0
6841 0
9440 0
7400 0
3433 0
10178 15625
8767 0
18254 15625
14972 0
8157 15625
14428 15625
12029 15625
10356 0
12707 15625
10931 0
15658 15625
19724 0
16096 15625
10729 0
17550 15625
5895 15625
19417 0
5833 15625
10479 0
10966 15625
406 0
13594 0
17138 15625
18706 0
14811 15625
6587 0
4433 0
1216 15625
13534 15625
7267 0
9558 15625
2563 15625
16077 15625
14096 0
5091 0
5112 0
3297 0
5357 15625
9311 0
14100 15625
5526 0
9097 15625
8074 15625
14060 0
5344 0
8345 0
1844 0
12091 15625
8703 0
10640 15625
4194 0
2476 0
15995 15625
4835 0
5481 0
94 0
3307 0
9955 0
6054 0
10125 0
814 0
4078 0
18627 15625
3403 0
853 0
11554 0
16838 0
6059 0
5232 0
9323 0
17602 15625
6985 0
16675 15625
17277 15625
6984 0
13176 15625
11856 15625
12250 0
6476 0
5875 15625
13072 15625
17878 15625
14419 15625
2828 0
15576 15625
14673 15625
12002 0
2415 15625
4406 0
10478 15625
17718 15625
16059 15625
4515 0
11169 15625
7187 0
17270 15625
6279 0
10364 15625
4106 15625
7960 15625
1508 0
9273 15625
9030 15625
19025 15625
5179 15625
3685 0
1875 15625
4825 0
12169 15625
16421 15625
309 0
19203 15625
10399 15625
2341 0
7407 15625
718 0
7678 0
3131 0
3756 0
17715 15625
18923 15625
1993 0
7381 15625
14209 15625
11921 15625
16672 15625
10365 15625
6372 0
4334 0
1387 0
7720 0
11917 15625
14104 15625
3055 15625
3657 0
2456 0
10257 15625
17751 15625
7219 0
15816 15625
19852 15625
10599 15625
1506 0
12581 0
11233 0
17364 15625
13843 0
4818 0
9487 0
19661 0
19815 31250
6285 0
15884 15625
8838 0
19127 15625
13531 15625
7210 0
1578 0
1298 0
10818 0
13785 15625
2872 0
7171 0
16874 15625
2786 0
17648 15625
14727 15625
1757 15625
18022 15625
13828 15625
19975 15625
11937 0
4478 15625
97 0
17137 15625
5625 15625
19168 31250
16673 0
5599 0
5111 0
16717 0
12187 15625
17029 0
7252 15625
11541 0
6944 0
14694 0
7546 15625
10814 0
7413 0
10892 15625
18184 15625
13220 15625
16193 15625
19494 15625
10371 0
2603 0
6321 0
11619 15625
5532 0
10117 0
10113 0
1251 0
15305 31250
15348 15625
16451 15625
17638 0
8828 15625
17532 15625
6402 0
13962 15625
4962 0
3043 0
9461 0
10169 0
14312 15625
12892 15625
19149 0
15522 15625
10266 0
18081 15625
14473 15625
10957 15625
4076 0
9595 15625
11346 0
7884 0
17149 15625
11284 0
12746 15625
16577 15625
12875 0
15318 15625
17608 15625
14660 15625
15680 15625
12550 0
12964 15625
16051 0
10914 0
16165 0
3730 0
10608 15625
7246 15625
5283 15625
7863 15625
19010 15625
19985 15625
2820 0
1671 0
6749 15625
17600 0
19355 15625
10990 0
6602 0
11720 15625
15577 0
6702 0
11698 15625
7093 0
5627 15625
11676 15625
8968 0
12872 15625
15810 15625
1168 0
11968 0
6246 0
3959 15625
6969 0
17078 15625
16999 15625
8924 0
1349 0
2368 0
18122 15625
6005 0
2321 0
15562 0
5349 0
11898 0
13118 0
9980 15625
153 0
12315 15625
11371 15625
5205 0
16148 0
8744 0
9585 15625
8720 0
10325 15625
892 0
4850 0
16607 15625
2935 0
16284 0
8277 15625
10539 0
9043 0
5325 0
5183 15625
17988 15625
16508 15625
6389 0
18958 0
2405 0
9782 0
10861 0
11884 15625
19138 15625
12905 15625
7204 0
1224 0
438 0
10071 15625
1748 0
1783 0
10465 0
6447 0
1760 0
8665 15625
4803 0
17106 15625
2023 0
12046 0
2403 0
1183 15625
10749 15625
11110 0
14355 15625
17564 15625
1552 0
8443 15625
18251 15625
19807 15625
16628 15625
19341 15625
15025 15625
17527 15625
18332 15625
10787 15625
4321 0
11448 0
12709 15625
1538 0
8700 0
14374 0
11101 15625
16140 15625
7036 0
18451 15625
2882 0
332 0
14053 15625
18416 15625
13762 15625
10364 0
19747 15625
5288 0
14526 0
11725 0
19875 15625
11604 0
3263 0
19489 15625
15306 15625
558 0
2447 0
8134 0
9857 0
11296 0
19540 15625
14218 15625
13464 0
2875 15625
2536 0
3584 0
4302 0
2582 0
11088 15625
3846 0
10071 15625
524 0
18898 0
5780 0
994 0
5319 0
19498 15625
11800 0
13598 15625
718 0
1899 0
13172 15625
3486 0
19284 15625
16077 15625
18765 15625
1007 0
4149 15625
10317 0
3274 0
3743 0
4508 0
3409 0
19221 15625
981 0
11362 0
18852 15625
19751 15625
10808 15625
10268 15625
17114 15625
1546 0
14499 15625
3054 15625
8312 15625
13331 15625
10300 15625
19998 15625
11431 15625
18900 15625
2006 0
10528 0
15899 0
19908 15625
1102 0
5680 0
16026 15625
11978 15625
16838 15625
13478 15625
4177 0
10687 15625
14212 0
6589 0
14247 15625
6979 15625
19924 15625
5256 0
4117 15625
8284 0
5325 0
3398 0
9673 15625
9836 0
19348 15625
11155 15625
12718 15625
14331 15625
15054 15625
13253 15625
1123 0
12392 15625
1680 0
15419 15625
12124 15625
9998 15625
8725 0
7172 15625
14656 0
15908 15625
16780 15625
5861 0
11414 15625
18221 15625
12375 15625
17293 15625
3330 0
6491 0
5530 0
10222 0
2045 0
13770 15625
19986 15625
15553 15625
4229 0
12037 15625
17247 15625
6021 15625
2817 0
18700 15625
8215 15625
3383 0
3388 0
5026 0
15997 15625
2269 0
18457 15625
10160 15625
15168 15625
9711 15625
7282 0
13855 15625
12206 15625
12530 15625
6425 15625
8574 15625
14228 15625
9106 15625
281 0
1528 0
3345 0
12678 0
15567 0
3055 0
16310 15625
17059 15625
691 0
16941 15625
17549 15625
7802 0
2221 0
14083 15625
8675 15625
13123 15625
8488 0
848 0
11432 15625
10473 15625
14444 15625
29 0
12222 15625
13590 15625
19415 15625
1366 0
10910 15625
16874 15625
4017 0
7643 0
5527 0
7258 15625
15663 15625
10310 15625
7869 0
16615 15625
1141 0
1134 0
10457 15625
13847 0
18330 15625
8673 15625
10614 15625
12885 15625
8075 15625
19073 15625
1999 0
4601 0
10694 15625
19010 15625
9613 15625
14516 15625
1682 0
2979 0
19979 15625
2792 0
2190 0
7524 15625
19949 15625
12205 15625
15396 15625
4977 0
18266 15625
2733 0
10160 15625
5432 15625
7408 0
1355 0
19961 15625
1447 0
11439 15625
11467 15625
5095 0
2679 15625
10489 15625
7732 0
7799 0
2160 15625
11583 0
9827 15625
9644 0
16435 15625
16907 15625
16226 15625
4602 0
9435 15625
5913 0
1402 0
19516 15625
15432 15625
18315 15625
10613 15625
13688 15625
8689 0
7102 15625
7793 0
1057 0
1133 0
18579 15625
5320 0
10215 0
11328 15625
11442 15625
16455 15625
2612 0
1034 0
12313 0
16522 15625
16141 15625
11594 15625
15504 0
1583 0
791 0
117523 78125
893739 890625
843504 1140625
946273 1031250
281067 234375
852242 984375
957600 953125
977116 1125000
224457 203125
658043 671875
839373 953125
262021 234375
619490 625000
794471 859375
878308 984375
957968 1140625
897000 1015625
876542 906250
560807 578125
471582 515625
39936 46875
109255 109375
798292 843750
214679 218750
649982 671875
279796 250000
809057 953125
930987 1015625
370916 375000
150024 171875
894586 1000000
550183 562500
774622 828125
109984 125000
191903 187500
98312 109375
63669 62500
429996 406250
58517 62500
145492 156250
860962 921875
126092 109375
202704 187500
846590 921875
122942 109375
863350 1000000
972963 1015625
39053 31250
579600 656250
938223 968750
852230 953125
589135 593750
549914 531250
575951 640625
456970 406250
194764 187500
219161 187500
91880 125000
510855 468750
408724 406250
709240 750000
741926 781250
732282 781250
400167 359375
777897 828125
978881 1156250
947958 1031250
984888 1046875
480216 437500
441250 437500
599128 625000
744779 750000
301567 265625
500964 468750
344717 296875
350189 359375
315561 296875
439110 406250
63770 46875
328676 296875
727874 734375
564222 640625
714892 718750
690088 703125
674606 859375
604455 687500
787157 906250
845578 828125
185382 156250
486380 468750
484030 515625
81690 62500
971403 1046875
990357 1156250
646438 750000
618346 578125
352765 312500
440400 406250
608554 562500
710542 687500
119966 109375
558703 531250
127424 125000
60821 46875
557474 546875
525539 546875
855932 859375
432821 421875
224371 250000
482161 437500
334181 359375
617200 625000
817645 937500
609673 671875
142845 125000
380739 406250
771536 781250
711151 718750
469054 421875
712352 765625
545125 593750
375460 375000
949261 1078125
141608 125000
862799 859375
615583 656250
404258 375000
344012 296875
776563 828125
865978 875000
221420 187500
746853 734375
872436 968750
455212 468750
68702 78125
255643 265625
986070 1218750
930661 1062500
753615 796875
107318 109375
954172 953125
80674 62500
958791 984375
509226 531250
681496 781250
134951 109375
222119 234375
317033 281250
294855 312500
909959 1000000
403299 421875
59741 62500
718043 812500
398616 421875
161215 140625
929154 1046875
973098 1093750
602072 671875
635511 656250
601545 562500
683362 718750
630395 609375
940959 1125000
327292 328125
500492 500000
184970 187500
369267 343750
399790 359375
283035 265625
193827 218750
774027 906250
789615 812500
190036 171875
744718 781250
232393 203125
816424 843750
808566 812500
499359 468750
335701 296875
609526 671875
103813 109375
73515 62500
141584 140625
206220 187500
649775 609375
307638 343750
835500 812500
595673 562500
781113 875000
327026 296875
554248 562500
538711 546875
866612 875000
245956 218750
995605 1156250
618351 593750
855529 984375
652747 656250
103862 109375
590262 562500
152911 125000
385446 390625
473017 484375
366703 343750
999648 1125000
612717 578125
221967 218750
926821 984375
782835 765625
918379 937500
370266 375000
977574 1000000
259211 218750
580851 562500
78269 62500
391317 437500
980966 1062500
614313 609375
308513 312500
994377 1109375
218472 203125
318005 312500
609333 625000
198306 171875
610397 593750
860043 968750
422308 406250
401744 562500
562683 562500
216372 218750
307570 281250
280629 312500
739309 718750
431080 468750
895652 1000000
55966 46875
239159 203125
459972 437500
729468 718750
602265 578125
518949 515625
46305 31250
387902 343750
521401 484375
947007 1015625
771698 921875
743963 796875
836258 843750
815800 859375
245264 250000
354579 328125
231804 250000
599982 593750
171963 171875
415976 375000
560298 609375
767600 828125
963352 968750
728620 781250
401817 406250
578929 578125
720458 718750
693678 734375
476438 515625
990134 1109375
622762 593750
926003 1046875
78601 93750
57976 78125
297292 265625
901019 890625
778658 781250
241689 265625
670168 781250
834650 843750
391872 343750
432956 390625
334534 296875
607594 625000
186572 156250
821203 843750
638844 703125
326697 375000
308814 312500
383115 421875
159990 140625
294234 250000
120337 125000
288018 375000
308429 312500
584151 562500
46509 46875
324380 312500
743130 875000
697580 781250
236388 250000
441958 562500
982752 1031250
731172 812500
797656 921875
967196 1078125
646405 703125
97912 109375
988424 1062500
189459 187500
88683 93750
592923 609375
892534 1062500
961149 1218750
395342 406250
654051 796875
595805 578125
841712 953125
648108 687500
909127 1062500
877216 1093750
847115 937500
862388 1046875
994264 1250000
43678 62500
194184 187500
943413 1140625
485247 531250
863491 1031250
436373 421875
88812 78125
521027 609375
535004 578125
985893 1093750
295683 296875
921991 1156250
305197 296875
218745 203125
829481 875000
191649 187500
403332 453125
942662 1125000
77496 62500
54291 62500
407702 421875
183062 187500
952333 984375
928149 1062500
674350 765625
523930 546875
657171 734375
359968 328125
840417 968750
385936 359375
165523 140625
385581 375000
971590 1218750
119835 140625
52861 46875
91596 109375
647860 812500
107158 109375
777886 796875
839315 1000000
584843 671875
826812 1031250
341597 312500
232786 234375
734035 859375
645968 734375
392700 421875
584665 578125
118028 156250
236181 203125
766044 796875
843452 921875
986948 1156250
775741 812500
690487 734375
452145 453125
287675 421875
290463 265625
50487 62500
978725 1109375
473902 531250
191737 156250
573410 531250
918446 937500
935508 1125000
97329 93750
406698 453125
721947 750000
789004 875000
866785 921875
727707 890625
744733 953125
997126 1046875
852602 921875
281624 296875
329148 312500
171821 156250
260360 218750
604289 609375
278670 234375
434256 390625
810313 921875
347441 312500
843889 984375
328824 328125
375550 421875
958304 1281250
590202 703125
759954 1078125
792362 843750
665107 671875
576990 687500
513405 500000
354378 390625
53656 46875
279648 265625
752274 843750
836324 875000
788936 812500
642251 703125
316071 281250
903297 984375
953510 1062500
953837 1109375
701231 734375
924713 1187500
448975 421875
434078 390625
74705 78125
278598 250000
267888 281250
841977 968750
983574 1156250
677994 812500
871799 968750
440150 406250
908181 937500
650434 656250
342098 312500
851785 937500
424518 500000
303661 328125
354628 312500
938452 1203125
391976 390625
577828 546875
215359 234375
889735 984375
219628 187500
853197 1000000
526956 531250
203163 265625
389814 359375
670826 796875
156420 140625
674854 796875
203242 203125
547631 562500
847329 1000000
855928 1062500
125938 125000
295745 359375
595767 734375
472276 437500
931264 1015625
240859 250000
975397 1343750
945109 1328125
202619 187500
716634 750000
803484 984375
341106 421875
845265 1093750
473573 484375
740111 859375
761951 781250
83144 78125
989536 1062500
577084 687500
214635 203125
203395 187500
640370 750000
126697 140625
277104 281250
45321 46875
799713 937500
432665 437500
736835 843750
49583 62500
578760 750000
618839 796875
448028 531250
454510 546875
972220 1531250
731824 1062500
702869 890625
541644 593750
975109 1062500
998193 1234375
458513 437500
298920 281250
791168 890625
325441 343750
200174 171875
987448 1156250
641001 703125
313045 265625
286204 281250
687742 781250
250016 234375
915716 1046875
772851 812500
40880 31250
205935 234375
799948 843750
626270 593750
522340 531250
530798 546875
387452 359375
909745 1390625
272240 328125
351526 328125
162423 140625
730433 875000
728555 1015625
576353 578125
455018 437500
655048 796875
759398 1125000
370463 390625
370563 375000
831961 968750
180918 171875
215154 203125
791953 984375
463224 625000
399326 484375
968712 1062500
249178 218750
595954 703125
305865 281250
546920 562500
247528 250000
472239 546875
925120 1062500
529813 500000
219848 187500
570790 546875
31847 15625
771253 843750
75862 62500
815878 921875
801004 812500
46177 31250
323562 296875
69800 78125
726373 734375
682503 656250
248964 234375
130127 140625
972989 1125000
728920 703125
285166 296875
673962 687500
118926 109375
565640 578125
153776 125000
44703 31250
706630 718750
291311 265625
935361 1343750
326996 390625
729381 906250
136215 187500
714270 1171875
107440 125000
198799 265625
766829 1062500
79507 109375
336006 390625
922457 1250000
445746 484375
549365 671875
388343 484375
301999 453125
606019 781250
99424 140625
814759 1171875
459654 515625
68859 62500
60311 62500
764678 1125000
795038 781250
35347 15625
475742 468750
907240 890625
967363 1109375
595435 703125
583323 640625
94627 93750
423019 500000
848641 921875
478566 562500
293010 281250
541911 562500
128484 109375
174076 156250
429126 406250
797247 843750
913945 953125
760760 875000
721968 828125
118908 93750
590972 562500
846724 968750
186304 171875
930748 1031250
262519 312500
695559 781250
151065 140625
494924 468750
277532 250000
882681 906250
775128 796875
91194 78125
811928 828125
195315 187500
970504 984375
564966 625000
872839 921875
770042 781250
576985 546875
744225 734375
57126 46875
588587 562500
849868 937500
931919 968750
91074 78125
635356 671875
425417 437500
398589 359375
119433 109375
246454 218750
600799 578125
833851 968750
275297 265625
280605 250000
256312 281250
275160 234375
850420 1015625
756903 796875
932248 1015625
885495 1093750
630059 656250
130058 109375
945760 1078125
142681 140625
816000 859375
865321 968750
796655 890625
188898 171875
219417 187500
571865 546875
486817 468750
873914 953125
790540 781250
954096 1125000
354196 328125
641063 687500
921487 937500
758661 828125
139147 140625
830511 1015625
750991 812500
455134 500000
195292 218750
197083 187500
788253 843750
906584 1062500
589613 656250
180502 156250
553655 562500
674621 640625
771268 812500
326037 343750
37236 31250
289799 281250
417514 390625
194116 187500
104281 109375
587405 609375
346243 312500
595328 625000
948215 1046875
41971 31250
688546 828125
429951 406250
900175 984375
758850 890625
720710 859375
195329 171875
779662 843750
950291 1062500
959132 1062500
70025 62500
591476 671875
369373 437500
545657 515625
141286 109375
587401 562500
62743 46875
156468 156250
550596 531250
312030 281250
520487 562500
720687 906250
100568 78125
359041 328125
533695 531250
486109 515625
820412 828125
806521 875000
297743 343750
569608 593750
924523 984375
238661 203125
944662 1015625
887472 921875
697488 781250
959152 1156250
794110 859375
119315 93750
142006 187500
390043 343750
418629 406250
592412 593750
590551 546875
85909 78125
644898 609375
186630 156250
961374 1062500
319140 281250
963172 1093750
536752 500000
662393 640625
378211 343750
599005 671875
304864 281250
984415 1109375
890819 984375
89284 62500
361325 328125
502203 515625
128734 140625
124861 109375
870429 1140625
291526 250000
177527 140625
778470 859375
879095 890625
837664 921875
202649 171875
182215 156250
350824 312500
100810 93750
473269 437500
802092 953125
920682 1093750
750602 812500
942566 1000000
879114 968750
438776 437500
918560 1140625
165756 156250
789083 781250
603717 578125
729315 718750
680823 687500
401825 390625
539260 515625
811858 937500
881231 937500
531867 500000
429083 390625
925078 968750
108078 93750
879529 1000000
792988 796875
118354 93750
902742 1062500
863525 1000000
172381 156250
941593 1078125
217717 218750
840901 906250
820493 953125
247179 203125
628402 656250
718665 859375
159547 140625
775602 828125
820338 890625
733621 718750
491375 453125
478051 484375
922274 1109375
568446 562500
868465 921875
690213 796875
227975 187500
941400 968750
190248 156250
184828 171875
199146 187500
39540 46875
924440 1000000
975100 1093750
410258 375000
765427 843750
881279 1046875
52290 62500
930229 1078125
814054 1000000
625643 671875
402508 437500
896654 906250
538808 640625
734457 781250
342525 343750
77003 93750
104353 93750
142748 109375
528217 578125
898701 937500
848529 875000
590661 640625
152528 187500
533351 546875
883271 1031250
801794 906250
851078 875000
161553 156250
41150 31250
804108 890625
231118 187500
848194 859375
358342 328125
956013 1140625
222695 187500
995370 1453125
445447 421875
724825 875000
259603 218750
127818 125000
232293 187500
665304 656250
912763 1000000
306239 281250
383386 359375
589496 687500
861631 859375
772560 796875
877984 921875
484972 468750
842861 828125
909875 1000000
235393 203125
465593 453125
162693 140625
806677 859375
847617 890625
683093 703125
362314 359375
704256 718750
134441 140625
602119 640625
416423 375000
468430 468750
213754 203125
228609 234375
836499 1015625
323382 359375
262041 218750
780469 765625
814676 812500
688254 687500
144217 140625
127188 125000
189792 171875
270259 250000
331264 281250
970922 1000000
674117 671875
951920 968750
235488 203125
315447 281250
609386 609375
154845 125000
85760 78125
747436 796875
491054 500000
813235 812500
488147 453125
931787 1000000
887482 1031250
480146 500000
941051 1187500
549301 531250
993586 1062500
449480 687500
670882 1000000
71456 62500
368702 453125
149857 203125
309714 296875
555986 515625
792328 906250
427393 453125
693362 906250
815415 953125
925242 1218750
260201 312500
715866 718750
186032 218750
179761 265625
590075 671875
298598 343750
242298 296875
878196 1078125
527747 656250
890008 1187500
361480 359375
535872 500000
618303 718750
41537 31250
203357 187500
378645 375000
437268 437500
238190 218750
353406 406250
239778 296875
211390 250000
269816 453125
170725 218750
651543 1156250
336083 343750
278825 375000
250283 296875
604897 1125000
574796 1062500
886185 1359375
440961 687500
369808 609375
374289 437500
455477 500000
249728 296875
279757 312500
840445 1031250
349645 343750
501098 500000
195026 171875
590716 593750
778844 781250
106394 93750
255672 218750
230349 203125
481196 609375
509753 531250
337673 328125
125874 109375
825570 1125000
554090 578125
883894 921875
919018 953125
564717 546875
879404 1000000
448945 421875
284067 250000
796153 937500
139864 156250
562151 609375
738576 750000
756181 859375
36102 31250
300771 265625
518953 515625
646706 703125
404874 421875
270079 265625
909298 906250
169714 140625
735055 718750
200410 234375
70251 62500
970741 1031250
436376 453125
764092 765625
579851 656250
915192 1156250
841577 1046875
720001 796875
