9384 0
15291 15625
14747 0
18302 0
11676 0
12542 0
18678 0
7897 0
14916 15625
9296 0
11424 0
3761 0
10891 0
6684 0
19094 15625
8445 15625
18266 15625
8599 0
11450 0
11912 15625
11057 0
11171 0
9903 0
4874 0
12062 15625
1558 0
518 0
2132 0
12856 15625
10534 0
5897 15625
11179 0
15304 15625
359 0
13065 0
9157 15625
14200 15625
1321 0
637 0
17307 15625
2446 0
16167 15625
13573 15625
8250 0
14291 0
4390 0
14791 15625
10568 0
9693 15625
203 0
13914 0
10499 0
2079 0
16681 15625
7399 15625
14880 0
1179 0
13578 0
1136 0
10906 0
1107 0
13475 0
13516 0
1097 0
8514 15625
9176 0
9040 0
16779 15625
1790 15625
12513 0
10069 15625
5407 0
1873 0
13175 15625
15508 0
674 0
15731 0
10065 0
4420 0
10116 0
19005 0
6136 0
16498 0
10278 0
16692 15625
6223 0
17520 0
5618 0
7330 15625
8012 0
5336 0
3804 0
13199 15625
738 0
17601 0
19202 0
14415 0
622 0
19573 15625
1241 0
11467 15625
18787 15625
8290 0
11376 15625
18824 15625
17690 0
16662 15625
14341 0
5573 0
3057 0
5862 0
17464 15625
8696 15625
1524 0
13280 0
10858 0
3551 0
12865 0
9330 15625
13434 15625
7001 15625
7011 0
19394 15625
13647 0
3403 0
5882 0
15347 0
4792 0
18141 15625
6142 0
13475 0
7485 0
13876 0
16332 0
615 0
6138 0
16247 15625
11629 15625
4276 0
17661 0
4197 0
2606 0
409 0
19411 15625
13589 0
5618 0
12484 15625
7068 0
5702 0
484 0
3519 0
10752 15625
8746 0
10105 15625
2397 0
1121 0
14754 0
3416 0
17639 15625
12258 0
3758 0
1592 0
2939 0
17853 0
1852 0
16015 15625
19998 15625
10209 0
13140 0
14727 15625
14619 15625
19876 0
1097 0
16579 15625
12841 0
6547 0
19483 0
1065 0
5994 0
10618 0
14584 15625
5074 0
12843 0
7156 0
388 0
9054 0
7707 0
6470 0
11584 0
17183 15625
16308 15625
19363 0
18053 15625
15969 0
16415 15625
18847 15625
15709 15625
3718 0
5644 0
10604 15625
12951 0
17373 0
14633 15625
8009 15625
1744 0
14505 0
13446 15625
7985 15625
3673 0
10016 0
1591 0
19700 15625
9908 0
2355 15625
19449 15625
3294 0
11513 15625
15655 0
642 0
15095 15625
8877 0
18091 0
216 0
19988 15625
11765 15625
11092 0
3048 0
13271 0
2803 0
8385 0
8150 15625
12004 15625
11494 15625
12940 15625
16096 15625
6105 0
77 0
584 0
9766 15625
14470 15625
19725 15625
17868 15625
9160 15625
3449 0
7637 0
13116 15625
6177 0
7055 0
17388 0
16523 15625
16645 0
3563 0
322 0
3086 0
6783 0
1904 15625
8896 0
5438 0
389 0
13284 0
10084 0
2396 0
14194 15625
7759 0
11140 0
13449 0
6379 0
8656 0
8829 0
18948 0
11246 0
19678 0
12394 15625
567 0
5831 0
2743 0
4629 0
5887 0
19731 15625
17299 0
2711 0
58 0
17586 15625
19393 15625
3381 0
1056 0
6083 0
1877 0
18141 0
9345 0
14746 0
17886 0
5462 0
13887 15625
19136 0
7619 0
2888 0
14479 15625
2585 0
18754 0
9094 0
7983 15625
18066 15625
477 0
1204 0
9017 0
2926 0
3337 0
12736 15625
15516 15625
6122 0
7570 15625
13157 0
18139 15625
9937 0
18830 0
8411 0
4480 0
14942 0
15151 0
5353 0
5361 0
16886 15625
3701 0
17385 15625
19503 0
1409 0
16170 0
7861 0
7342 0
12222 0
16216 15625
557 0
9877 0
12847 0
15317 15625
3224 0
8863 0
6444 0
8424 0
3476 0
12437 0
19054 15625
4929 0
4202 0
19339 0
10717 0
10854 15625
17167 15625
7549 0
17294 0
11876 0
12018 15625
4734 0
2051 0
19095 15625
18093 15625
9617 15625
19621 0
17056 0
18709 15625
12072 0
12954 15625
6098 0
6602 0
13030 0
15792 0
18832 0
7776 0
16223 0
5532 0
8716 15625
7192 15625
11625 15625
12965 15625
8197 0
1764 0
11477 0
19395 0
14270 15625
2892 0
5365 0
86 0
6841 0
9440 15625
7400 0
3433 0
10178 0
8767 0
18254 15625
14972 15625
8157 0
14428 15625
12029 15625
10356 15625
12707 0
10931 15625
15658 0
19724 0
16096 0
10729 15625
17550 0
5895 0
19417 15625
5833 0
10479 15625
10966 0
406 0
13594 0
17138 0
18706 0
14811 15625
6587 0
4433 0
1216 0
13534 0
7267 0
9558 15625
2563 0
16077 15625
14096 15625
5091 0
5112 0
3297 0
5357 0
9311 15625
14100 15625
5526 15625
9097 0
8074 0
14060 15625
5344 0
8345 0
1844 0
12091 15625
8703 0
10640 15625
4194 15625
2476 0
15995 15625
4835 0
5481 0
94 0
3307 0
9955 0
6054 0
10125 15625
814 0
4078 0
18627 0
3403 0
853 0
11554 0
16838 0
6059 0
5232 0
9323 15625
17602 15625
6985 15625
16675 0
17277 0
6984 0
13176 0
11856 0
12250 0
6476 0
5875 0
13072 15625
17878 0
14419 15625
2828 0
15576 0
14673 15625
12002 15625
2415 0
4406 0
10478 0
17718 15625
16059 0
4515 0
11169 0
7187 0
17270 0
6279 0
10364 0
4106 15625
7960 0
1508 0
9273 0
9030 0
19025 0
5179 0
3685 0
1875 0
4825 0
12169 0
16421 0
309 0
19203 15625
10399 0
2341 0
7407 0
718 0
7678 0
3131 0
3756 0
17715 0
18923 15625
1993 0
7381 0
14209 0
11921 0
16672 0
10365 0
6372 0
4334 15625
1387 0
7720 15625
11917 15625
14104 0
3055 0
3657 0
2456 0
10257 0
17751 0
7219 0
15816 15625
19852 15625
10599 15625
1506 0
12581 0
11233 0
17364 15625
13843 15625
4818 0
9487 0
19661 15625
19815 0
6285 0
15884 15625
8838 0
19127 15625
13531 15625
7210 0
1578 0
1298 15625
10818 0
13785 0
2872 0
7171 0
16874 0
2786 0
17648 0
14727 0
1757 0
18022 0
13828 15625
19975 0
11937 15625
4478 0
97 0
17137 15625
5625 0
19168 0
16673 15625
5599 0
5111 0
16717 0
12187 0
17029 0
7252 0
11541 0
6944 0
14694 0
7546 0
10814 0
7413 0
10892 15625
18184 0
13220 0
16193 15625
19494 15625
10371 0
2603 0
6321 0
11619 0
5532 0
10117 0
10113 0
1251 0
15305 15625
15348 0
16451 15625
17638 0
8828 15625
17532 15625
6402 0
13962 15625
4962 0
3043 0
9461 15625
10169 0
14312 0
12892 0
19149 15625
15522 15625
10266 0
18081 15625
14473 15625
10957 15625
4076 0
9595 0
11346 0
7884 0
17149 15625
11284 0
12746 0
16577 15625
12875 0
15318 15625
17608 15625
14660 15625
15680 15625
12550 0
12964 0
16051 0
10914 0
16165 15625
3730 15625
10608 0
7246 0
5283 0
7863 0
19010 0
19985 15625
2820 0
1671 0
6749 0
17600 15625
19355 0
10990 15625
6602 15625
11720 0
15577 0
6702 0
11698 0
7093 0
5627 0
11676 0
8968 0
12872 15625
15810 15625
1168 0
11968 15625
6246 15625
3959 0
6969 15625
17078 0
16999 15625
8924 15625
1349 0
2368 0
18122 15625
6005 0
2321 15625
15562 15625
5349 0
11898 15625
13118 15625
9980 15625
153 0
12315 0
11371 0
5205 0
16148 15625
8744 0
9585 0
8720 0
10325 0
892 0
4850 0
16607 0
2935 0
16284 15625
8277 0
10539 15625
9043 0
5325 0
5183 0
17988 15625
16508 15625
6389 0
18958 15625
2405 0
9782 0
10861 0
11884 0
19138 0
12905 0
7204 0
1224 0
438 0
10071 15625
1748 0
1783 0
10465 15625
6447 0
1760 0
8665 0
4803 0
17106 15625
2023 0
12046 0
2403 0
1183 0
10749 15625
11110 15625
14355 0
17564 15625
1552 0
8443 0
18251 0
19807 0
16628 0
19341 15625
15025 15625
17527 15625
18332 0
10787 15625
4321 0
11448 15625
12709 15625
1538 0
8700 0
14374 0
11101 0
16140 0
7036 0
18451 0
2882 0
332 0
14053 0
18416 15625
13762 0
10364 0
19747 0
5288 0
14526 15625
11725 15625
19875 0
11604 0
3263 0
19489 15625
15306 0
558 0
2447 0
8134 0
9857 15625
11296 0
19540 15625
14218 15625
13464 0
2875 0
2536 0
3584 0
4302 0
2582 0
11088 0
3846 0
10071 0
524 0
18898 0
5780 0
994 0
5319 0
19498 0
11800 0
13598 0
718 0
1899 0
13172 15625
3486 0
19284 15625
16077 0
18765 15625
1007 0
4149 0
10317 0
3274 0
3743 0
4508 0
3409 0
19221 0
981 0
11362 0
18852 15625
19751 15625
10808 15625
10268 15625
17114 0
1546 0
14499 15625
3054 0
8312 15625
13331 0
10300 0
19998 15625
11431 15625
18900 15625
2006 0
10528 15625
15899 15625
19908 15625
1102 0
5680 0
16026 15625
11978 15625
16838 15625
13478 15625
4177 0
10687 0
14212 15625
6589 0
14247 15625
6979 0
19924 15625
5256 15625
4117 0
8284 0
5325 0
3398 0
9673 15625
9836 0
19348 15625
11155 0
12718 15625
14331 15625
15054 15625
13253 15625
1123 0
12392 15625
1680 0
15419 15625
12124 15625
9998 0
8725 0
7172 15625
14656 15625
15908 15625
16780 0
5861 0
11414 15625
18221 0
12375 15625
17293 0
3330 0
6491 0
5530 0
10222 0
2045 0
13770 0
19986 15625
15553 15625
4229 0
12037 0
17247 15625
6021 15625
2817 0
18700 15625
8215 15625
3383 0
3388 0
5026 0
15997 15625
2269 0
18457 15625
10160 0
15168 0
9711 0
7282 0
13855 0
12206 0
12530 15625
6425 0
8574 0
14228 15625
9106 0
281 0
1528 0
3345 0
12678 15625
15567 15625
3055 0
16310 15625
17059 15625
691 0
16941 15625
17549 0
7802 0
2221 0
14083 15625
8675 0
13123 15625
8488 0
848 0
11432 0
10473 0
14444 15625
29 0
12222 0
13590 15625
19415 15625
1366 0
10910 0
16874 15625
4017 0
7643 0
5527 0
7258 15625
15663 15625
10310 0
7869 0
16615 15625
1141 0
1134 0
10457 15625
13847 15625
18330 15625
8673 0
10614 0
12885 15625
8075 0
19073 15625
1999 0
4601 0
10694 0
19010 15625
9613 0
14516 15625
1682 15625
2979 0
19979 15625
2792 0
2190 0
7524 0
19949 15625
12205 15625
15396 15625
4977 0
18266 15625
2733 0
10160 0
5432 0
7408 0
1355 0
19961 15625
1447 0
11439 0
11467 15625
5095 15625
2679 0
10489 15625
7732 15625
7799 15625
2160 0
11583 0
9827 15625
9644 0
16435 15625
16907 15625
16226 15625
4602 0
9435 0
5913 15625
1402 0
19516 15625
15432 15625
18315 0
10613 15625
13688 15625
8689 0
7102 0
7793 0
1057 0
1133 0
18579 15625
5320 15625
10215 15625
11328 0
11442 0
16455 0
2612 0
1034 0
12313 0
16522 15625
16141 15625
11594 0
15504 15625
1583 0
791 0
127542 78125
73754 31250
173516 109375
256293 140625
71073 31250
792245 515625
957611 609375
27123 15625
534462 328125
868056 609375
909394 578125
502039 296875
329504 187500
224493 125000
858316 578125
107972 62500
977013 718750
886563 609375
990814 671875
111585 62500
589948 359375
549275 328125
368308 203125
224681 156250
430003 250000
299814 187500
899072 609375
260998 140625
570936 359375
930030 656250
524599 328125
390193 234375
814629 515625
279988 156250
331915 203125
468321 343750
633675 453125
900010 578125
418539 234375
615511 437500
720977 453125
356093 203125
332713 218750
906607 609375
352956 203125
263360 156250
332981 234375
569069 343750
629601 390625
738243 500000
672247 421875
669149 406250
459936 281250
135958 93750
86974 46875
994766 765625
619182 390625
751898 484375
640858 468750
148746 93750
659259 406250
931942 656250
152294 78125
900177 640625
487903 296875
968884 625000
907969 578125
694907 515625
420232 250000
551263 375000
989138 640625
344785 218750
181570 125000
930987 718750
274725 218750
400194 234375
575563 437500
689120 453125
423777 250000
628691 390625
197885 109375
44241 31250
334908 218750
750090 468750
394627 234375
564473 375000
97160 93750
445578 281250
305402 171875
826397 593750
164043 109375
501712 343750
651421 421875
120360 62500
776450 515625
878355 562500
512782 375000
180402 109375
218564 140625
580549 359375
789982 578125
698704 437500
287433 171875
390827 265625
777488 484375
575561 406250
415939 250000
912837 687500
944384 671875
342170 203125
184198 109375
917203 593750
107655 46875
719692 468750
692850 437500
170740 125000
221556 156250
231168 125000
649057 468750
672363 421875
405144 234375
545476 328125
599262 437500
331629 203125
702805 515625
565586 343750
294269 218750
384020 234375
676579 437500
205979 125000
251441 140625
306859 171875
192450 109375
35223 15625
538722 312500
205648 125000
196071 109375
70670 31250
23621 15625
597322 375000
704172 468750
360694 218750
458807 265625
619228 406250
331517 187500
324958 234375
492123 343750
947034 656250
644864 453125
559964 375000
163301 93750
729752 484375
548050 328125
208631 125000
101227 46875
859174 765625
93114 62500
882086 671875
915533 671875
331552 187500
643366 406250
420407 250000
740979 515625
597298 375000
620506 390625
514981 343750
899275 656250
129794 62500
213036 140625
993837 734375
734033 453125
139617 78125
360047 203125
754737 500000
652398 406250
566425 343750
458575 312500
99376 46875
345704 234375
469537 296875
233821 125000
163531 93750
291597 156250
646230 390625
399781 234375
847653 593750
325522 187500
465681 296875
971118 765625
717028 515625
534269 312500
878718 687500
176626 125000
115956 78125
735613 546875
558356 375000
35530 15625
742757 578125
903881 578125
110265 78125
732912 546875
715466 468750
973034 640625
46716 31250
619669 390625
372735 218750
131982 78125
66832 31250
242843 125000
228395 125000
840280 578125
297595 218750
149218 93750
240866 125000
38281 15625
221337 125000
410971 250000
914327 593750
578535 359375
674384 421875
88476 46875
438006 265625
599342 390625
38323 31250
650411 406250
170053 93750
862316 609375
811760 546875
342684 218750
666393 437500
387576 234375
250643 140625
449331 343750
451099 281250
375656 234375
625968 390625
859169 578125
219978 125000
689471 437500
112287 62500
598957 390625
96321 46875
547915 453125
621422 390625
527013 343750
311712 234375
163985 109375
706266 484375
615816 390625
395277 250000
274600 187500
281822 156250
139985 93750
701975 453125
185984 109375
180314 93750
547613 343750
683373 421875
678638 437500
431832 281250
788941 500000
940478 625000
433683 265625
986452 640625
730144 484375
612769 406250
106006 78125
508602 312500
347985 234375
397309 234375
591021 359375
378668 218750
51696 0
600172 468750
784662 500000
501881 312500
362973 218750
524548 312500
797616 515625
756580 500000
441218 296875
258856 140625
256706 140625
398820 250000
663118 421875
280001 203125
424253 328125
400353 265625
38019 15625
948439 750000
514157 312500
976524 812500
284391 156250
33137 15625
817596 687500
666401 515625
941968 703125
372769 250000
321186 203125
597667 421875
607215 421875
546421 406250
517914 328125
58444 46875
379477 234375
668687 468750
562923 437500
702542 484375
771165 609375
615344 390625
524072 312500
585823 453125
111726 62500
338108 234375
649135 453125
417232 265625
627128 484375
522409 359375
94270 62500
993694 765625
264196 171875
83432 46875
755264 515625
723493 562500
116383 78125
38819 31250
621031 406250
635016 421875
905913 625000
365700 234375
571993 375000
895208 718750
718764 484375
789485 500000
951662 671875
153352 109375
222667 171875
127510 93750
84313 62500
47709 31250
943067 640625
892334 703125
698158 500000
764356 593750
743933 546875
537193 343750
709976 468750
390421 265625
815949 578125
485544 312500
895599 625000
71592 46875
829858 578125
922881 734375
441601 281250
57872 46875
557168 343750
127903 78125
719318 468750
994866 671875
476831 343750
491602 312500
512788 312500
684056 453125
185974 125000
32703 31250
94676 46875
898037 609375
946198 625000
936046 718750
623473 453125
946966 625000
965756 734375
90498 46875
92153 46875
947681 671875
20476 0
930498 593750
158731 93750
713906 453125
401749 250000
623430 453125
198462 109375
345521 218750
547351 343750
246705 156250
561962 359375
809016 734375
646805 609375
157712 93750
314735 187500
487136 312500
232620 140625
151628 78125
989161 687500
131830 78125
430366 312500
634303 468750
518681 375000
654275 406250
570317 359375
237442 125000
383909 296875
278830 203125
485553 312500
768326 546875
790210 640625
159958 125000
232374 187500
935128 859375
77007 46875
173419 125000
804401 718750
123664 78125
279664 156250
892287 609375
226333 187500
448942 265625
462254 281250
256071 156250
753305 515625
823526 609375
943850 625000
621252 468750
364719 296875
28978 15625
214078 140625
684714 437500
188603 93750
367890 265625
591998 406250
923592 656250
107997 78125
421799 250000
630170 406250
588186 390625
550436 343750
942120 656250
801792 546875
354533 265625
323673 187500
644637 406250
198468 109375
801990 546875
867850 578125
125366 62500
909739 734375
119640 62500
863206 593750
476973 406250
743166 578125
779825 593750
250833 140625
876425 640625
384866 296875
883263 671875
287648 171875
77331 46875
85938 62500
595946 421875
655761 453125
185779 93750
292285 218750
891270 656250
50873 31250
965408 640625
145116 125000
572624 359375
36646 15625
273493 187500
761124 609375
675268 562500
253584 140625
450130 265625
41955 31250
203157 140625
389545 250000
117090 62500
674650 437500
763407 546875
490378 375000
126702 93750
577106 359375
265331 171875
169719 109375
722680 562500
266846 156250
399603 265625
348765 281250
668841 515625
278038 203125
624517 515625
42234 31250
221824 203125
742889 640625
191649 140625
595122 375000
418214 296875
418520 250000
208935 125000
821180 578125
265461 203125
640180 468750
647450 453125
901023 750000
63052 46875
856220 609375
637754 437500
80036 46875
925733 609375
912865 656250
410891 250000
675943 500000
549952 390625
586271 453125
182360 109375
520804 328125
647455 453125
749767 546875
252259 171875
741542 468750
562436 343750
100453 62500
368572 281250
316367 234375
985041 906250
815056 531250
139402 125000
970465 781250
740573 515625
511967 343750
950922 625000
655177 421875
511972 390625
203240 140625
749328 703125
298721 234375
739185 468750
225957 125000
115865 62500
966940 640625
917545 593750
292252 203125
605141 375000
519831 328125
419863 265625
290790 171875
251867 156250
261269 140625
705876 437500
655888 406250
621022 421875
36192 15625
433574 281250
99820 46875
896390 609375
172516 109375
918975 671875
650146 421875
783004 531250
718932 500000
175186 93750
703979 625000
638929 437500
35650 15625
543795 343750
864708 562500
816631 562500
351320 203125
915378 687500
706999 562500
689403 515625
686223 546875
394274 343750
27441 15625
628820 437500
806835 812500
929522 812500
116028 93750
152464 109375
875751 687500
239366 171875
688364 609375
142005 109375
526022 328125
689447 625000
924767 875000
729659 734375
268872 203125
460321 609375
374684 234375
635041 406250
755359 515625
135761 78125
707256 453125
257364 156250
725445 453125
73329 62500
664631 437500
183019 93750
488649 328125
128582 78125
993024 671875
531921 328125
338491 187500
414091 234375
789138 546875
297255 203125
533950 328125
750762 484375
221989 125000
108915 93750
770976 531250
26735 15625
556313 343750
470753 359375
932522 640625
315569 187500
671084 437500
474928 296875
497533 296875
692701 453125
155133 78125
251208 140625
251938 156250
675323 515625
790508 531250
334978 203125
782848 625000
990048 625000
906988 687500
944236 671875
527134 421875
278591 156250
659869 484375
741928 468750
981081 656250
425370 250000
155439 93750
578597 359375
229449 125000
726456 484375
210808 109375
233868 140625
925312 640625
130616 78125
286320 171875
505165 312500
50432 31250
686924 453125
572254 343750
675498 421875
320070 187500
630078 390625
985765 640625
102694 46875
926010 703125
935339 734375
296658 218750
908899 718750
499437 312500
441870 265625
176830 93750
543935 328125
620558 406250
994111 765625
584208 375000
131071 78125
291503 171875
308674 187500
859158 593750
430529 265625
870995 562500
725135 468750
455301 296875
247100 156250
208266 156250
126605 93750
329620 312500
200506 109375
363667 218750
414641 250000
761285 546875
796040 562500
407247 312500
729807 484375
807530 515625
844129 531250
884291 609375
637411 406250
636246 390625
765339 515625
378222 203125
601976 390625
88558 62500
149960 78125
470192 296875
818853 562500
330732 203125
65348 46875
839678 625000
460292 281250
389141 250000
480043 281250
461479 281250
229384 125000
485665 406250
301291 187500
687414 421875
42764 31250
636475 421875
980611 750000
152030 78125
960507 625000
660692 406250
250570 171875
249062 140625
793702 546875
636124 406250
200423 125000
206540 125000
117748 78125
539610 328125
454544 359375
298668 187500
254665 140625
337472 203125
97496 46875
289168 156250
644112 406250
349337 218750
952014 750000
140058 78125
688630 515625
572432 359375
970557 671875
715912 437500
824920 546875
596649 421875
581389 437500
159152 93750
973181 671875
556769 359375
692407 531250
408233 250000
39012 15625
964869 671875
854416 546875
650828 406250
59290 31250
511328 312500
682214 515625
418742 265625
574866 375000
560430 343750
881536 578125
967534 640625
628484 406250
429117 250000
697683 453125
192665 125000
432228 265625
420845 250000
480828 312500
263272 171875
262114 203125
540701 375000
790607 515625
882579 640625
129123 62500
598794 421875
478563 281250
905757 656250
299102 171875
263733 171875
859317 625000
710833 437500
311843 203125
659275 437500
401858 234375
91250 46875
21883 15625
379085 234375
735088 468750
98085 62500
799544 562500
943000 687500
88374 46875
482747 296875
643527 437500
462403 281250
421611 250000
857733 625000
40901 15625
950502 625000
177196 140625
858416 703125
848687 625000
789555 562500
355617 234375
500350 312500
773630 515625
361392 218750
808054 546875
152284 93750
648465 406250
238480 125000
270225 156250
777985 500000
761406 484375
330251 187500
254839 140625
419154 328125
99556 78125
284452 156250
535109 375000
850276 656250
375441 218750
451301 296875
782310 515625
270233 156250
214055 125000
965653 718750
652526 421875
586657 453125
158819 109375
584465 375000
102541 62500
987017 687500
184363 109375
502755 296875
668232 468750
328712 187500
498537 312500
550666 406250
212530 156250
533361 328125
693289 453125
911809 593750
401078 234375
591562 375000
621156 468750
434121 265625
951129 656250
448212 296875
448346 312500
146024 78125
212715 125000
515375 312500
835461 625000
164835 93750
769622 515625
997823 671875
392294 234375
375324 281250
142768 78125
726242 484375
503408 312500
189503 125000
641635 453125
432572 265625
458004 281250
554978 359375
882875 625000
849897 562500
315412 218750
105597 62500
882695 609375
176697 109375
747623 578125
723096 515625
402325 250000
844264 546875
254457 156250
82120 46875
656444 484375
808448 1062500
773769 562500
968621 718750
846507 578125
493387 328125
572043 421875
750490 484375
964694 671875
428257 281250
34217 31250
547208 328125
199797 125000
320272 203125
101285 62500
70939 46875
874132 578125
381931 234375
835497 562500
855464 546875
299399 171875
754867 500000
815779 531250
27439 15625
581066 359375
173243 125000
108152 62500
311800 171875
627492 390625
320153 265625
71054 46875
589313 375000
253594 140625
839486 656250
990896 937500
291478 171875
98709 78125
739873 687500
109726 78125
495995 359375
562345 468750
867396 625000
603384 703125
25433 31250
635246 609375
150202 93750
285886 250000
236038 140625
99775 62500
780086 546875
328617 203125
432314 312500
518197 500000
87756 46875
710014 484375
31494 15625
65894 31250
758311 625000
321542 281250
503370 484375
468666 296875
657286 625000
708205 562500
33417 15625
799798 578125
981407 1015625
599818 437500
80746 62500
61549 62500
626098 671875
798837 750000
630303 593750
514902 468750
724798 781250
656206 718750
360979 281250
769812 562500
704301 500000
745497 703125
639745 546875
199759 109375
620455 515625
49663 31250
731102 546875
485027 312500
560736 359375
988861 671875
446408 281250
545694 359375
740368 515625
531200 343750
749754 500000
227693 125000
395880 296875
195583 109375
754112 500000
663901 437500
669022 437500
364729 265625
499424 296875
618951 453125
354081 218750
736175 531250
489872 296875
872167 562500
588577 359375
366190 250000
766120 484375
380774 218750
278975 218750
536725 328125
844879 562500
870081 671875
209318 109375
529732 375000
455069 296875
720433 468750
80259 46875
930757 656250
936378 609375
854113 546875
789869 625000
735195 531250
781577 656250
660009 437500
