9384 0
15291 15625
14747 0
18302 0
11676 15625
12542 15625
18678 0
7897 0
14916 0
9296 0
11424 0
3761 0
10891 0
6684 0
19094 15625
8445 0
18266 15625
8599 0
11450 15625
11912 0
11057 0
11171 0
9903 0
4874 0
12062 0
1558 0
518 0
2132 0
12856 15625
10534 0
5897 0
11179 0
15304 0
359 0
13065 15625
9157 0
14200 0
1321 0
637 0
17307 15625
2446 0
16167 15625
13573 15625
8250 0
14291 15625
4390 0
14791 15625
10568 0
9693 0
203 0
13914 15625
10499 0
2079 0
16681 15625
7399 15625
14880 0
1179 0
13578 15625
1136 0
10906 15625
1107 0
13475 0
13516 15625
1097 0
8514 0
9176 15625
9040 0
16779 15625
1790 0
12513 0
10069 0
5407 0
1873 0
13175 15625
15508 15625
674 0
15731 0
10065 0
4420 0
10116 0
19005 0
6136 0
16498 0
10278 0
16692 15625
6223 0
17520 15625
5618 0
7330 0
8012 0
5336 15625
3804 0
13199 0
738 0
17601 15625
19202 0
14415 0
622 0
19573 15625
1241 0
11467 0
18787 15625
8290 0
11376 0
18824 15625
17690 0
16662 15625
14341 0
5573 0
3057 0
5862 15625
17464 15625
8696 0
1524 0
13280 0
10858 0
3551 0
12865 0
9330 15625
13434 0
7001 0
7011 0
19394 15625
13647 0
3403 0
5882 15625
15347 0
4792 0
18141 15625
6142 0
13475 15625
7485 0
13876 15625
16332 0
615 0
6138 0
16247 15625
11629 15625
4276 0
17661 0
4197 0
2606 0
409 0
19411 15625
13589 0
5618 0
12484 15625
7068 0
5702 0
484 0
3519 15625
10752 15625
8746 15625
10105 0
2397 0
1121 0
14754 15625
3416 0
17639 15625
12258 15625
3758 0
1592 0
2939 0
17853 0
1852 0
16015 15625
19998 15625
10209 0
13140 0
14727 15625
14619 15625
19876 15625
1097 0
16579 15625
12841 0
6547 0
19483 15625
1065 0
5994 15625
10618 15625
14584 15625
5074 15625
12843 15625
7156 0
388 0
9054 15625
7707 0
6470 0
11584 15625
17183 15625
16308 15625
19363 0
18053 15625
15969 15625
16415 0
18847 15625
15709 0
3718 0
5644 0
10604 0
12951 0
17373 15625
14633 0
8009 0
1744 0
14505 15625
13446 15625
7985 15625
3673 0
10016 0
1591 0
19700 15625
9908 15625
2355 0
19449 15625
3294 0
11513 15625
15655 0
642 0
15095 15625
8877 0
18091 15625
216 0
19988 15625
11765 0
11092 0
3048 0
13271 15625
2803 0
8385 0
8150 0
12004 15625
11494 0
12940 15625
16096 0
6105 0
77 0
584 0
9766 0
14470 0
19725 0
17868 15625
9160 15625
3449 0
7637 0
13116 15625
6177 0
7055 15625
17388 0
16523 0
16645 0
3563 0
322 0
3086 0
6783 0
1904 0
8896 0
5438 0
389 0
13284 15625
10084 0
2396 0
14194 15625
7759 0
11140 15625
13449 15625
6379 0
8656 0
8829 15625
18948 15625
11246 0
19678 15625
12394 15625
567 0
5831 0
2743 0
4629 0
5887 0
19731 15625
17299 15625
2711 0
58 0
17586 0
19393 15625
3381 0
1056 0
6083 0
1877 0
18141 0
9345 0
14746 0
17886 15625
5462 15625
13887 15625
19136 15625
7619 0
2888 0
14479 0
2585 0
18754 15625
9094 15625
7983 15625
18066 0
477 0
1204 0
9017 15625
2926 0
3337 0
12736 0
15516 0
6122 15625
7570 0
13157 15625
18139 15625
9937 0
18830 15625
8411 0
4480 0
14942 15625
15151 0
5353 0
5361 0
16886 15625
3701 0
17385 15625
19503 15625
1409 0
16170 0
7861 0
7342 0
12222 0
16216 15625
557 0
9877 15625
12847 0
15317 0
3224 0
8863 15625
6444 0
8424 0
3476 0
12437 15625
19054 0
4929 15625
4202 0
19339 15625
10717 0
10854 0
17167 15625
7549 15625
17294 15625
11876 15625
12018 15625
4734 0
2051 0
19095 15625
18093 15625
9617 0
19621 15625
17056 15625
18709 0
12072 0
12954 15625
6098 15625
6602 0
13030 15625
15792 0
18832 0
7776 0
16223 15625
5532 0
8716 15625
7192 0
11625 0
12965 15625
8197 0
1764 0
11477 0
19395 15625
14270 15625
2892 0
5365 0
86 0
6841 0
9440 0
7400 15625
3433 0
10178 0
8767 15625
18254 15625
14972 15625
8157 0
14428 0
12029 0
10356 15625
12707 15625
10931 0
15658 15625
19724 15625
16096 15625
10729 0
17550 0
5895 15625
19417 15625
5833 0
10479 0
10966 0
406 0
13594 0
17138 15625
18706 0
14811 0
6587 0
4433 0
1216 0
13534 0
7267 0
9558 0
2563 0
16077 0
14096 15625
5091 0
5112 0
3297 0
5357 0
9311 15625
14100 0
5526 0
9097 15625
8074 15625
14060 0
5344 0
8345 0
1844 0
12091 15625
8703 15625
10640 15625
4194 0
2476 0
15995 0
4835 15625
5481 0
94 0
3307 0
9955 0
6054 0
10125 15625
814 0
4078 0
18627 15625
3403 0
853 0
11554 0
16838 15625
6059 0
5232 15625
9323 0
17602 0
6985 0
16675 15625
17277 15625
6984 0
13176 0
11856 15625
12250 0
6476 15625
5875 0
13072 15625
17878 0
14419 15625
2828 0
15576 15625
14673 0
12002 15625
2415 0
4406 0
10478 0
17718 0
16059 15625
4515 0
11169 0
7187 0
17270 15625
6279 15625
10364 0
4106 0
7960 15625
1508 0
9273 0
9030 0
19025 15625
5179 15625
3685 0
1875 0
4825 15625
12169 0
16421 15625
309 0
19203 15625
10399 15625
2341 0
7407 0
718 0
7678 15625
3131 0
3756 0
17715 15625
18923 15625
1993 0
7381 0
14209 15625
11921 15625
16672 0
10365 0
6372 0
4334 0
1387 0
7720 0
11917 15625
14104 0
3055 15625
3657 0
2456 15625
10257 0
17751 15625
7219 0
15816 15625
19852 15625
10599 0
1506 0
12581 15625
11233 0
17364 15625
13843 15625
4818 0
9487 0
19661 15625
19815 0
6285 0
15884 0
8838 0
19127 15625
13531 0
7210 0
1578 0
1298 0
10818 0
13785 0
2872 0
7171 0
16874 0
2786 0
17648 15625
14727 15625
1757 0
18022 0
13828 15625
19975 0
11937 15625
4478 0
97 0
17137 15625
5625 0
19168 0
16673 15625
5599 15625
5111 0
16717 0
12187 0
17029 0
7252 15625
11541 0
6944 0
14694 15625
7546 0
10814 15625
7413 0
10892 15625
18184 15625
13220 0
16193 15625
19494 15625
10371 15625
2603 0
6321 0
11619 0
5532 0
10117 0
10113 15625
1251 0
15305 0
15348 0
16451 0
17638 0
8828 15625
17532 15625
6402 15625
13962 15625
4962 0
3043 0
9461 15625
10169 0
14312 0
12892 15625
19149 15625
15522 0
10266 15625
18081 0
14473 15625
10957 15625
4076 0
9595 0
11346 0
7884 0
17149 15625
11284 15625
12746 15625
16577 0
12875 15625
15318 15625
17608 0
14660 15625
15680 15625
12550 0
12964 15625
16051 0
10914 0
16165 15625
3730 0
10608 0
7246 15625
5283 0
7863 0
19010 15625
19985 15625
2820 0
1671 0
6749 15625
17600 15625
19355 15625
10990 0
6602 15625
11720 0
15577 15625
6702 15625
11698 0
7093 15625
5627 0
11676 15625
8968 0
12872 15625
15810 0
1168 0
11968 0
6246 0
3959 15625
6969 0
17078 15625
16999 0
8924 15625
1349 0
2368 0
18122 0
6005 15625
2321 0
15562 15625
5349 0
11898 15625
13118 15625
9980 15625
153 0
12315 0
11371 15625
5205 0
16148 0
8744 15625
9585 15625
8720 0
10325 0
892 0
4850 0
16607 15625
2935 0
16284 15625
8277 0
10539 15625
9043 15625
5325 0
5183 0
17988 0
16508 0
6389 0
18958 0
2405 0
9782 0
10861 0
11884 0
19138 0
12905 0
7204 15625
1224 0
438 0
10071 0
1748 0
1783 0
10465 0
6447 0
1760 0
8665 0
4803 15625
17106 15625
2023 0
12046 15625
2403 0
1183 0
10749 15625
11110 0
14355 15625
17564 15625
1552 0
8443 15625
18251 15625
19807 15625
16628 0
19341 0
15025 15625
17527 15625
18332 15625
10787 0
4321 0
11448 0
12709 0
1538 15625
8700 0
14374 0
11101 0
16140 0
7036 0
18451 15625
2882 0
332 0
14053 15625
18416 0
13762 15625
10364 15625
19747 15625
5288 0
14526 15625
11725 0
19875 0
11604 15625
3263 15625
19489 15625
15306 15625
558 0
2447 0
8134 0
9857 15625
11296 15625
19540 15625
14218 15625
13464 0
2875 0
2536 15625
3584 0
4302 0
2582 15625
11088 15625
3846 0
10071 15625
524 0
18898 15625
5780 0
994 0
5319 0
19498 15625
11800 0
13598 15625
718 0
1899 0
13172 15625
3486 0
19284 15625
16077 15625
18765 15625
1007 0
4149 0
10317 15625
3274 0
3743 0
4508 0
3409 15625
19221 15625
981 0
11362 15625
18852 15625
19751 15625
10808 15625
10268 0
17114 15625
1546 0
14499 0
3054 0
8312 15625
13331 15625
10300 15625
19998 15625
11431 0
18900 15625
2006 0
10528 15625
15899 15625
19908 15625
1102 0
5680 15625
16026 15625
11978 0
16838 15625
13478 0
4177 0
10687 15625
14212 15625
6589 0
14247 15625
6979 15625
19924 15625
5256 0
4117 0
8284 0
5325 0
3398 0
9673 0
9836 15625
19348 15625
11155 15625
12718 0
14331 15625
15054 15625
13253 0
1123 0
12392 15625
1680 0
15419 15625
12124 0
9998 15625
8725 15625
7172 15625
14656 0
15908 15625
16780 0
5861 0
11414 15625
18221 15625
12375 0
17293 15625
3330 0
6491 0
5530 0
10222 0
2045 0
13770 0
19986 15625
15553 15625
4229 0
12037 15625
17247 15625
6021 0
2817 0
18700 15625
8215 15625
3383 15625
3388 0
5026 0
15997 15625
2269 0
18457 15625
10160 0
15168 0
9711 0
7282 0
13855 15625
12206 0
12530 15625
6425 0
8574 0
14228 0
9106 0
281 0
1528 0
3345 0
12678 15625
15567 0
3055 0
16310 15625
17059 15625
691 0
16941 15625
17549 15625
7802 15625
2221 0
14083 15625
8675 0
13123 15625
8488 15625
848 0
11432 15625
10473 15625
14444 15625
29 0
12222 15625
13590 15625
19415 15625
1366 0
10910 15625
16874 15625
4017 0
7643 0
5527 0
7258 0
15663 15625
10310 0
7869 0
16615 15625
1141 0
1134 0
10457 15625
13847 15625
18330 15625
8673 0
10614 0
12885 15625
8075 15625
19073 31250
1999 0
4601 0
10694 15625
19010 15625
9613 0
14516 15625
1682 15625
2979 0
19979 15625
2792 0
2190 0
7524 0
19949 15625
12205 15625
15396 15625
4977 0
18266 15625
2733 0
10160 15625
5432 15625
7408 0
1355 0
19961 15625
1447 0
11439 15625
11467 15625
5095 0
2679 15625
10489 0
7732 15625
7799 0
2160 0
11583 15625
9827 0
9644 15625
16435 15625
16907 0
16226 15625
4602 0
9435 15625
5913 0
1402 0
19516 15625
15432 15625
18315 15625
10613 0
13688 0
8689 0
7102 0
7793 0
1057 0
1133 0
18579 15625
5320 0
10215 15625
11328 15625
11442 15625
16455 15625
2612 0
1034 0
12313 15625
16522 15625
16141 15625
11594 15625
15504 15625
1583 0
791 0
127542 93750
73754 46875
173516 187500
256293 218750
71073 46875
792245 796875
957611 828125
27123 15625
534462 421875
868056 812500
909394 765625
502039 375000
329504 234375
224493 203125
858316 765625
107972 78125
977013 906250
886563 796875
990814 859375
111585 78125
589948 453125
549275 468750
368308 281250
224681 171875
430003 328125
299814 218750
899072 796875
260998 187500
570936 515625
930030 765625
524599 406250
390193 312500
814629 687500
279988 218750
331915 234375
468321 359375
633675 515625
900010 812500
418539 312500
615511 562500
720977 578125
356093 265625
332713 250000
906607 750000
352956 250000
263360 218750
332981 250000
569069 437500
629601 546875
738243 656250
672247 546875
669149 562500
459936 375000
135958 93750
86974 62500
994766 812500
619182 500000
751898 593750
640858 500000
148746 109375
659259 515625
931942 921875
152294 109375
900177 828125
487903 390625
968884 828125
907969 828125
694907 593750
420232 312500
551263 468750
989138 921875
344785 250000
181570 140625
930987 781250
274725 203125
400194 296875
575563 500000
689120 593750
423777 328125
628691 515625
197885 140625
44241 31250
334908 281250
750090 593750
394627 296875
564473 437500
97160 62500
445578 359375
305402 218750
826397 687500
164043 109375
501712 375000
651421 625000
120360 78125
776450 671875
878355 734375
512782 406250
180402 156250
218564 140625
580549 453125
789982 625000
698704 546875
287433 250000
390827 296875
777488 687500
575561 437500
415939 359375
912837 765625
944384 796875
342170 265625
184198 140625
917203 765625
107655 78125
719692 640625
692850 578125
170740 125000
221556 156250
231168 171875
649057 515625
672363 546875
405144 328125
545476 484375
599262 484375
331629 296875
702805 562500
565586 437500
294269 218750
384020 281250
676579 609375
205979 171875
251441 203125
306859 218750
192450 156250
35223 31250
538722 437500
205648 140625
196071 140625
70670 46875
23621 15625
597322 453125
704172 609375
360694 312500
458807 343750
619228 531250
331517 265625
324958 265625
492123 437500
947034 765625
644864 578125
559964 437500
163301 125000
729752 625000
548050 484375
208631 156250
101227 78125
859174 765625
93114 62500
882086 781250
915533 859375
331552 250000
643366 500000
420407 312500
740979 656250
597298 531250
620506 546875
514981 468750
899275 718750
129794 93750
213036 187500
993837 890625
734033 593750
139617 93750
360047 281250
754737 625000
652398 515625
566425 437500
458575 406250
99376 62500
345704 250000
469537 390625
233821 218750
163531 109375
291597 234375
646230 531250
399781 296875
847653 765625
325522 234375
465681 406250
971118 937500
717028 578125
534269 421875
878718 734375
176626 109375
115956 78125
735613 593750
558356 484375
35530 31250
742757 609375
903881 734375
110265 78125
732912 609375
715466 656250
973034 859375
46716 15625
619669 484375
372735 281250
131982 93750
66832 46875
242843 187500
228395 171875
840280 750000
297595 218750
149218 109375
240866 171875
38281 31250
221337 156250
410971 312500
914327 843750
578535 500000
674384 531250
88476 46875
438006 312500
599342 562500
38323 15625
650411 515625
170053 125000
862316 765625
811760 703125
342684 375000
666393 671875
387576 296875
250643 187500
449331 531250
451099 359375
375656 343750
625968 593750
859169 718750
219978 187500
689471 546875
112287 62500
598957 562500
96321 78125
547915 453125
621422 515625
527013 500000
311712 218750
163985 125000
706266 562500
615816 546875
395277 328125
274600 203125
281822 234375
139985 93750
701975 625000
185984 140625
180314 125000
547613 453125
683373 671875
678638 593750
431832 328125
788941 687500
940478 859375
433683 343750
986452 890625
730144 609375
612769 515625
106006 78125
508602 421875
347985 265625
397309 296875
591021 453125
378668 343750
51696 31250
600172 500000
784662 625000
501881 406250
362973 281250
524548 437500
797616 671875
756580 609375
441218 343750
258856 218750
256706 218750
398820 359375
663118 765625
280001 265625
424253 343750
400353 359375
38019 31250
948439 921875
514157 453125
976524 968750
284391 218750
33137 15625
817596 828125
666401 640625
941968 1078125
372769 312500
321186 312500
597667 500000
607215 531250
546421 421875
517914 437500
58444 62500
379477 312500
668687 546875
562923 468750
702542 687500
771165 781250
615344 593750
524072 390625
585823 562500
111726 93750
338108 328125
649135 609375
417232 343750
627128 562500
522409 484375
94270 62500
993694 953125
264196 218750
83432 62500
755264 656250
723493 640625
116383 93750
38819 31250
621031 500000
635016 593750
905913 765625
365700 281250
571993 453125
895208 984375
718764 656250
789485 718750
951662 828125
153352 109375
222667 218750
127510 109375
84313 62500
47709 31250
943067 828125
892334 796875
698158 625000
764356 734375
743933 625000
537193 421875
709976 656250
390421 375000
815949 687500
485544 484375
895599 859375
71592 46875
829858 843750
922881 765625
441601 421875
57872 31250
557168 437500
127903 125000
719318 625000
994866 890625
476831 406250
491602 421875
512788 437500
684056 609375
185974 156250
32703 15625
94676 62500
898037 890625
946198 828125
936046 859375
623473 546875
946966 843750
965756 1031250
90498 62500
92153 62500
947681 937500
20476 15625
930498 906250
158731 125000
713906 718750
401749 343750
623430 531250
198462 140625
345521 265625
547351 593750
246705 203125
561962 500000
809016 734375
646805 546875
157712 125000
314735 296875
487136 390625
232620 171875
151628 125000
989161 906250
131830 109375
430366 406250
634303 515625
518681 421875
654275 531250
570317 437500
237442 156250
383909 359375
278830 218750
485553 484375
768326 843750
790210 812500
159958 156250
232374 187500
935128 812500
77007 62500
173419 140625
804401 781250
123664 109375
279664 203125
892287 875000
226333 218750
448942 359375
462254 359375
256071 234375
753305 640625
823526 796875
943850 796875
621252 500000
364719 328125
28978 15625
214078 171875
684714 625000
188603 140625
367890 328125
591998 500000
923592 937500
107997 93750
421799 312500
630170 531250
588186 453125
550436 484375
942120 765625
801792 781250
354533 296875
323673 234375
644637 609375
198468 140625
801990 765625
867850 796875
125366 78125
909739 828125
119640 78125
863206 765625
476973 375000
743166 640625
779825 765625
250833 218750
876425 765625
384866 312500
883263 906250
287648 218750
77331 46875
85938 62500
595946 484375
655761 625000
185779 140625
292285 234375
891270 906250
50873 46875
965408 890625
145116 156250
572624 500000
36646 31250
273493 203125
761124 796875
675268 734375
253584 250000
450130 343750
41955 15625
203157 156250
389545 281250
117090 78125
674650 593750
763407 687500
490378 437500
126702 93750
577106 484375
265331 187500
169719 140625
722680 703125
266846 218750
399603 312500
348765 328125
668841 828125
278038 250000
624517 703125
42234 31250
221824 187500
742889 671875
191649 140625
595122 578125
418214 406250
418520 312500
208935 171875
821180 718750
265461 265625
640180 515625
647450 671875
901023 937500
63052 46875
856220 984375
637754 500000
80036 62500
925733 968750
912865 781250
410891 312500
675943 609375
549952 515625
586271 562500
182360 125000
520804 421875
647455 531250
749767 843750
252259 250000
741542 703125
562436 531250
100453 62500
368572 296875
316367 312500
985041 953125
815056 687500
139402 109375
970465 984375
740573 781250
511967 500000
950922 828125
655177 593750
511972 500000
203240 187500
749328 921875
298721 343750
739185 593750
225957 171875
115865 78125
966940 984375
917545 812500
292252 281250
605141 671875
519831 421875
419863 375000
290790 250000
251867 218750
261269 187500
705876 562500
655888 562500
621022 484375
36192 15625
433574 500000
99820 78125
896390 843750
172516 125000
918975 781250
650146 562500
783004 640625
718932 593750
175186 125000
703979 562500
638929 562500
35650 31250
543795 437500
864708 718750
816631 750000
351320 328125
915378 984375
706999 953125
689403 750000
686223 984375
394274 500000
27441 31250
628820 609375
806835 781250
929522 1046875
116028 93750
152464 156250
875751 1125000
239366 218750
688364 843750
142005 125000
526022 562500
689447 593750
924767 1125000
729659 593750
268872 203125
460321 375000
374684 296875
635041 500000
755359 625000
135761 125000
707256 578125
257364 187500
725445 718750
73329 78125
664631 562500
183019 125000
488649 375000
128582 93750
993024 843750
531921 421875
338491 265625
414091 312500
789138 656250
297255 218750
533950 421875
750762 609375
221989 203125
108915 78125
770976 640625
26735 15625
556313 437500
470753 406250
932522 828125
315569 250000
671084 593750
474928 375000
497533 390625
692701 578125
155133 109375
251208 187500
251938 250000
675323 671875
790508 750000
334978 265625
782848 781250
990048 875000
906988 890625
944236 921875
527134 390625
278591 234375
659869 593750
741928 625000
981081 859375
425370 375000
155439 109375
578597 437500
229449 187500
726456 593750
210808 156250
233868 171875
925312 781250
130616 93750
286320 203125
505165 375000
50432 31250
686924 562500
572254 437500
675498 546875
320070 296875
630078 625000
985765 828125
102694 78125
926010 765625
935339 765625
296658 203125
908899 765625
499437 437500
441870 343750
176830 125000
543935 484375
620558 500000
994111 843750
584208 468750
131071 109375
291503 218750
308674 234375
859158 781250
430529 328125
870995 734375
725135 593750
455301 390625
247100 250000
208266 156250
126605 78125
329620 281250
200506 171875
363667 343750
414641 390625
761285 640625
796040 671875
407247 312500
729807 656250
807530 656250
844129 843750
884291 812500
637411 578125
636246 562500
765339 765625
378222 281250
601976 468750
88558 62500
149960 125000
470192 406250
818853 718750
330732 281250
65348 46875
839678 734375
460292 390625
389141 296875
480043 406250
461479 359375
229384 171875
485665 421875
301291 218750
687414 546875
42764 31250
636475 531250
980611 828125
152030 109375
960507 812500
660692 640625
250570 171875
249062 171875
793702 781250
636124 515625
200423 140625
206540 140625
117748 78125
539610 406250
454544 406250
298668 218750
254665 187500
337472 281250
97496 78125
289168 218750
644112 578125
349337 265625
952014 828125
140058 140625
688630 578125
572432 515625
970557 859375
715912 656250
824920 687500
596649 500000
581389 484375
159152 125000
973181 843750
556769 437500
692407 593750
408233 296875
39012 31250
964869 843750
854416 765625
650828 562500
59290 46875
511328 390625
682214 562500
418742 312500
574866 437500
560430 468750
881536 765625
967534 828125
628484 484375
429117 406250
697683 562500
192665 156250
432228 312500
420845 312500
480828 421875
263272 187500
262114 187500
540701 421875
790607 671875
882579 796875
129123 93750
598794 468750
478563 390625
905757 875000
299102 218750
263733 187500
859317 781250
710833 593750
311843 234375
659275 531250
401858 312500
91250 62500
21883 15625
379085 281250
735088 593750
98085 62500
799544 718750
943000 859375
88374 93750
482747 390625
643527 578125
462403 359375
421611 312500
857733 796875
40901 31250
950502 781250
177196 140625
858416 781250
848687 750000
789555 671875
355617 296875
500350 484375
773630 656250
361392 281250
808054 843750
152284 109375
648465 562500
238480 171875
270225 203125
777985 656250
761406 625000
330251 250000
254839 187500
419154 406250
99556 78125
284452 218750
535109 421875
850276 828125
375441 281250
451301 468750
782310 640625
270233 187500
214055 156250
965653 828125
652526 531250
586657 468750
158819 125000
584465 531250
102541 78125
987017 890625
184363 125000
502755 421875
668232 546875
328712 250000
498537 375000
550666 437500
212530 156250
533361 406250
693289 625000
911809 750000
401078 312500
591562 546875
621156 531250
434121 312500
951129 828125
448212 390625
448346 375000
146024 140625
212715 156250
515375 390625
835461 796875
164835 140625
769622 656250
997823 890625
392294 296875
375324 343750
142768 140625
726242 703125
503408 390625
189503 140625
641635 593750
432572 359375
458004 359375
554978 453125
882875 781250
849897 718750
315412 250000
105597 62500
882695 750000
176697 156250
747623 656250
723096 593750
402325 312500
844264 687500
254457 187500
82120 46875
656444 609375
808448 703125
773769 718750
968621 906250
846507 734375
493387 375000
572043 453125
750490 609375
964694 859375
428257 375000
34217 31250
547208 437500
199797 140625
320272 250000
101285 78125
70939 62500
874132 734375
381931 281250
835497 703125
855464 1312500
299399 234375
754867 671875
815779 671875
27439 31250
581066 484375
173243 125000
108152 78125
311800 234375
627492 500000
320153 250000
71054 62500
589313 515625
253594 218750
839486 812500
990896 1015625
291478 218750
98709 62500
739873 671875
109726 78125
495995 406250
562345 484375
867396 937500
603384 546875
25433 15625
635246 718750
150202 109375
285886 234375
236038 187500
99775 62500
780086 984375
328617 359375
432314 421875
518197 468750
87756 62500
710014 796875
31494 31250
65894 46875
758311 750000
321542 250000
503370 437500
468666 390625
657286 687500
708205 703125
33417 31250
799798 828125
981407 1406250
599818 812500
80746 78125
61549 62500
626098 812500
798837 1000000
630303 953125
514902 640625
724798 1031250
656206 1046875
360979 421875
769812 734375
704301 640625
745497 796875
639745 640625
199759 171875
620455 515625
49663 46875
731102 875000
485027 375000
560736 437500
988861 1078125
446408 437500
545694 484375
740368 593750
531200 500000
749754 750000
227693 171875
395880 296875
195583 140625
754112 640625
663901 546875
669022 531250
364729 281250
499424 406250
618951 515625
354081 312500
736175 671875
489872 406250
872167 765625
588577 531250
366190 281250
766120 609375
380774 328125
278975 203125
536725 406250
844879 750000
870081 843750
209318 187500
529732 421875
455069 406250
720433 578125
80259 78125
930757 906250
936378 812500
854113 687500
789869 843750
735195 921875
781577 953125
660009 812500
