9384 15625
15291 15625
14747 0
18302 0
11676 15625
12542 0
18678 15625
7897 0
14916 0
9296 15625
11424 0
3761 0
10891 0
6684 0
19094 0
8445 0
18266 0
8599 0
11450 0
11912 15625
11057 0
11171 0
9903 0
4874 0
12062 15625
1558 0
518 0
2132 0
12856 0
10534 0
5897 0
11179 15625
15304 0
359 0
13065 0
9157 0
14200 15625
1321 0
637 0
17307 0
2446 0
16167 0
13573 0
8250 0
14291 15625
4390 0
14791 0
10568 0
9693 0
203 0
13914 0
10499 0
2079 0
16681 0
7399 0
14880 0
1179 0
13578 15625
1136 0
10906 0
1107 0
13475 0
13516 0
1097 0
8514 15625
9176 0
9040 0
16779 0
1790 0
12513 0
10069 15625
5407 0
1873 0
13175 0
15508 0
674 0
15731 0
10065 0
4420 0
10116 0
19005 0
6136 0
16498 0
10278 0
16692 0
6223 0
17520 0
5618 0
7330 15625
8012 0
5336 0
3804 0
13199 0
738 0
17601 0
19202 0
14415 15625
622 0
19573 0
1241 0
11467 0
18787 0
8290 0
11376 15625
18824 15625
17690 15625
16662 15625
14341 15625
5573 0
3057 0
5862 0
17464 15625
8696 0
1524 0
13280 0
10858 0
3551 0
12865 0
9330 0
13434 0
7001 15625
7011 15625
19394 0
13647 0
3403 0
5882 15625
15347 0
4792 0
18141 15625
6142 0
13475 0
7485 0
13876 0
16332 0
615 0
6138 0
16247 0
11629 0
4276 0
17661 0
4197 0
2606 0
409 0
19411 0
13589 0
5618 0
12484 0
7068 0
5702 0
484 0
3519 0
10752 0
8746 0
10105 15625
2397 0
1121 0
14754 0
3416 0
17639 0
12258 15625
3758 0
1592 0
2939 0
17853 15625
1852 0
16015 0
19998 0
10209 0
13140 0
14727 15625
14619 0
19876 15625
1097 0
16579 15625
12841 0
6547 0
19483 0
1065 0
5994 0
10618 0
14584 15625
5074 0
12843 0
7156 0
388 0
9054 15625
7707 0
6470 0
11584 15625
17183 15625
16308 0
19363 0
18053 15625
15969 0
16415 0
18847 0
15709 15625
3718 0
5644 0
10604 0
12951 0
17373 0
14633 0
8009 0
1744 0
14505 0
13446 0
7985 0
3673 0
10016 0
1591 0
19700 0
9908 0
2355 0
19449 15625
3294 0
11513 15625
15655 0
642 0
15095 0
8877 0
18091 15625
216 0
19988 0
11765 0
11092 0
3048 0
13271 0
2803 0
8385 15625
8150 0
12004 0
11494 15625
12940 0
16096 0
6105 0
77 0
584 0
9766 0
14470 0
19725 0
17868 0
9160 0
3449 0
7637 0
13116 0
6177 0
7055 0
17388 0
16523 15625
16645 0
3563 15625
322 0
3086 0
6783 0
1904 0
8896 0
5438 0
389 0
13284 0
10084 0
2396 15625
14194 0
7759 15625
11140 15625
13449 0
6379 0
8656 0
8829 0
18948 15625
11246 0
19678 0
12394 0
567 0
5831 0
2743 0
4629 0
5887 0
19731 0
17299 0
2711 0
58 0
17586 0
19393 0
3381 0
1056 0
6083 0
1877 0
18141 0
9345 0
14746 0
17886 0
5462 0
13887 15625
19136 0
7619 15625
2888 0
14479 0
2585 0
18754 0
9094 0
7983 0
18066 15625
477 0
1204 0
9017 0
2926 0
3337 0
12736 0
15516 15625
6122 0
7570 0
13157 15625
18139 0
9937 0
18830 15625
8411 0
4480 0
14942 0
15151 0
5353 0
5361 0
16886 0
3701 0
17385 0
19503 0
1409 0
16170 15625
7861 0
7342 0
12222 15625
16216 15625
557 0
9877 0
12847 0
15317 0
3224 0
8863 0
6444 0
8424 0
3476 0
12437 0
19054 0
4929 0
4202 0
19339 0
10717 0
10854 0
17167 0
7549 0
17294 15625
11876 0
12018 0
4734 0
2051 0
19095 0
18093 0
9617 0
19621 0
17056 0
18709 15625
12072 15625
12954 15625
6098 0
6602 0
13030 0
15792 0
18832 0
7776 15625
16223 0
5532 0
8716 0
7192 0
11625 0
12965 0
8197 15625
1764 0
11477 0
19395 15625
14270 0
2892 0
5365 0
86 0
6841 0
9440 0
7400 0
3433 0
10178 15625
8767 0
18254 15625
14972 15625
8157 0
14428 0
12029 0
10356 0
12707 0
10931 0
15658 0
19724 0
16096 0
10729 0
17550 0
5895 0
19417 0
5833 0
10479 15625
10966 0
406 0
13594 0
17138 15625
18706 15625
14811 15625
6587 15625
4433 0
1216 0
13534 0
7267 15625
9558 0
2563 0
16077 0
14096 0
5091 0
5112 0
3297 0
5357 0
9311 0
14100 15625
5526 15625
9097 0
8074 0
14060 15625
5344 0
8345 0
1844 0
12091 0
8703 0
10640 0
4194 0
2476 0
15995 0
4835 0
5481 0
94 0
3307 0
9955 15625
6054 0
10125 0
814 0
4078 0
18627 0
3403 0
853 0
11554 0
16838 0
6059 0
5232 0
9323 0
17602 0
6985 0
16675 15625
17277 0
6984 0
13176 0
11856 0
12250 0
6476 0
5875 0
13072 0
17878 0
14419 0
2828 0
15576 15625
14673 0
12002 15625
2415 0
4406 0
10478 0
17718 0
16059 0
4515 0
11169 0
7187 0
17270 0
6279 0
10364 0
4106 0
7960 0
1508 0
9273 0
9030 15625
19025 0
5179 0
3685 0
1875 0
4825 0
12169 0
16421 15625
309 0
19203 0
10399 0
2341 0
7407 0
718 0
7678 0
3131 0
3756 0
17715 0
18923 15625
1993 0
7381 15625
14209 0
11921 0
16672 0
10365 0
6372 0
4334 0
1387 0
7720 0
11917 0
14104 0
3055 0
3657 0
2456 0
10257 15625
17751 0
7219 0
15816 0
19852 0
10599 0
1506 0
12581 0
11233 0
17364 0
13843 0
4818 15625
9487 0
19661 0
19815 0
6285 15625
15884 0
8838 0
19127 0
13531 0
7210 0
1578 0
1298 0
10818 0
13785 15625
2872 0
7171 15625
16874 15625
2786 0
17648 0
14727 15625
1757 0
18022 0
13828 15625
19975 15625
11937 0
4478 0
97 0
17137 0
5625 15625
19168 15625
16673 0
5599 0
5111 0
16717 0
12187 0
17029 0
7252 0
11541 0
6944 0
14694 0
7546 0
10814 0
7413 0
10892 0
18184 15625
13220 15625
16193 15625
19494 15625
10371 0
2603 0
6321 0
11619 0
5532 0
10117 0
10113 0
1251 0
15305 15625
15348 15625
16451 0
17638 0
8828 0
17532 15625
6402 0
13962 0
4962 0
3043 0
9461 0
10169 15625
14312 0
12892 0
19149 0
15522 0
10266 15625
18081 0
14473 0
10957 15625
4076 0
9595 0
11346 15625
7884 0
17149 0
11284 0
12746 0
16577 0
12875 0
15318 0
17608 0
14660 0
15680 15625
12550 0
12964 0
16051 0
10914 0
16165 0
3730 0
10608 0
7246 0
5283 0
7863 0
19010 0
19985 0
2820 15625
1671 0
6749 0
17600 0
19355 0
10990 0
6602 0
11720 0
15577 0
6702 0
11698 0
7093 0
5627 0
11676 0
8968 15625
12872 0
15810 0
1168 0
11968 0
6246 0
3959 0
6969 0
17078 15625
16999 0
8924 15625
1349 0
2368 0
18122 0
6005 0
2321 0
15562 0
5349 0
11898 0
13118 15625
9980 0
153 0
12315 0
11371 15625
5205 0
16148 0
8744 15625
9585 15625
8720 15625
10325 0
892 0
4850 0
16607 0
2935 0
16284 0
8277 0
10539 0
9043 0
5325 0
5183 0
17988 15625
16508 0
6389 0
18958 0
2405 15625
9782 0
10861 0
11884 0
19138 0
12905 0
7204 0
1224 15625
438 0
10071 0
1748 0
1783 0
10465 0
6447 0
1760 0
8665 0
4803 0
17106 15625
2023 0
12046 0
2403 0
1183 0
10749 0
11110 0
14355 0
17564 0
1552 0
8443 0
18251 0
19807 0
16628 0
19341 0
15025 0
17527 0
18332 0
10787 0
4321 0
11448 0
12709 0
1538 0
8700 0
14374 0
11101 0
16140 15625
7036 0
18451 0
2882 0
332 0
14053 0
18416 15625
13762 0
10364 0
19747 0
5288 0
14526 0
11725 0
19875 0
11604 0
3263 0
19489 15625
15306 0
558 0
2447 15625
8134 0
9857 0
11296 0
19540 15625
14218 15625
13464 0
2875 0
2536 0
3584 0
4302 0
2582 0
11088 0
3846 0
10071 0
524 0
18898 0
5780 15625
994 0
5319 0
19498 0
11800 0
13598 0
718 0
1899 0
13172 0
3486 0
19284 15625
16077 0
18765 0
1007 0
4149 0
10317 0
3274 0
3743 0
4508 0
3409 0
19221 15625
981 0
11362 0
18852 15625
19751 0
10808 0
10268 15625
17114 0
1546 0
14499 0
3054 0
8312 0
13331 15625
10300 0
19998 0
11431 0
18900 0
2006 0
10528 15625
15899 0
19908 0
1102 0
5680 0
16026 0
11978 0
16838 0
13478 15625
4177 0
10687 0
14212 15625
6589 15625
14247 15625
6979 0
19924 0
5256 0
4117 0
8284 0
5325 0
3398 0
9673 0
9836 0
19348 0
11155 0
12718 0
14331 15625
15054 0
13253 15625
1123 0
12392 0
1680 15625
15419 0
12124 0
9998 0
8725 15625
7172 0
14656 15625
15908 15625
16780 0
5861 0
11414 0
18221 0
12375 0
17293 0
3330 0
6491 0
5530 0
10222 0
2045 0
13770 0
19986 0
15553 0
4229 0
12037 0
17247 15625
6021 0
2817 0
18700 15625
8215 0
3383 0
3388 0
5026 0
15997 15625
2269 0
18457 15625
10160 0
15168 0
9711 0
7282 15625
13855 0
12206 15625
12530 15625
6425 0
8574 0
14228 0
9106 0
281 0
1528 0
3345 0
12678 0
15567 15625
3055 0
16310 15625
17059 15625
691 0
16941 0
17549 0
7802 15625
2221 0
14083 0
8675 0
13123 0
8488 0
848 0
11432 0
10473 0
14444 0
29 0
12222 0
13590 0
19415 0
1366 0
10910 0
16874 0
4017 0
7643 0
5527 0
7258 0
15663 15625
10310 15625
7869 0
16615 0
1141 0
1134 0
10457 0
13847 15625
18330 0
8673 0
10614 0
12885 0
8075 0
19073 15625
1999 15625
4601 0
10694 0
19010 0
9613 0
14516 0
1682 0
2979 0
19979 0
2792 0
2190 0
7524 0
19949 15625
12205 0
15396 0
4977 0
18266 0
2733 0
10160 0
5432 0
7408 0
1355 0
19961 0
1447 0
11439 15625
11467 0
5095 0
2679 0
10489 0
7732 0
7799 0
2160 0
11583 15625
9827 0
9644 0
16435 0
16907 0
16226 0
4602 15625
9435 0
5913 0
1402 0
19516 0
15432 15625
18315 0
10613 0
13688 0
8689 15625
7102 0
7793 0
1057 0
1133 0
18579 0
5320 0
10215 15625
11328 0
11442 0
16455 0
2612 0
1034 0
12313 0
16522 0
16141 0
11594 0
15504 0
1583 0
791 0
127542 31250
73754 15625
173516 62500
256293 78125
71073 31250
792245 250000
957611 296875
27123 15625
534462 187500
868056 265625
909394 328125
502039 171875
329504 93750
224493 78125
858316 296875
107972 31250
977013 312500
886563 281250
990814 312500
111585 31250
589948 218750
549275 156250
368308 109375
224681 78125
430003 125000
299814 93750
899072 265625
260998 78125
570936 187500
930030 296875
524599 140625
390193 140625
814629 250000
279988 109375
331915 78125
468321 140625
633675 218750
900010 265625
418539 109375
615511 171875
720977 234375
356093 125000
332713 93750
906607 328125
352956 109375
263360 62500
332981 125000
569069 187500
629601 171875
738243 265625
672247 250000
669149 218750
459936 156250
135958 31250
86974 31250
994766 296875
619182 187500
751898 234375
640858 187500
148746 46875
659259 187500
931942 281250
152294 46875
900177 265625
487903 156250
968884 296875
907969 328125
694907 218750
420232 171875
551263 156250
989138 328125
344785 109375
181570 78125
930987 265625
274725 78125
400194 109375
575563 171875
689120 203125
423777 125000
628691 234375
197885 46875
44241 15625
334908 93750
750090 218750
394627 140625
564473 187500
97160 46875
445578 156250
305402 93750
826397 250000
164043 62500
501712 156250
651421 187500
120360 62500
776450 250000
878355 312500
512782 140625
180402 46875
218564 62500
580549 156250
789982 234375
698704 203125
287433 93750
390827 109375
777488 234375
575561 156250
415939 140625
912837 281250
944384 281250
342170 125000
184198 46875
917203 328125
107655 46875
719692 250000
692850 218750
170740 46875
221556 93750
231168 62500
649057 218750
672363 203125
405144 125000
545476 187500
599262 187500
331629 93750
702805 203125
565586 171875
294269 109375
384020 109375
676579 187500
205979 78125
251441 93750
306859 78125
192450 93750
35223 15625
538722 171875
205648 62500
196071 78125
70670 31250
23621 0
597322 171875
704172 203125
360694 140625
458807 125000
619228 234375
331517 125000
324958 125000
492123 140625
947034 281250
644864 187500
559964 156250
163301 62500
729752 265625
548050 156250
208631 62500
101227 31250
859174 281250
93114 46875
882086 281250
915533 281250
331552 93750
643366 187500
420407 140625
740979 218750
597298 203125
620506 171875
514981 156250
899275 265625
129794 31250
213036 62500
993837 312500
734033 218750
139617 31250
360047 109375
754737 250000
652398 203125
566425 171875
458575 156250
99376 31250
345704 125000
469537 140625
233821 78125
163531 46875
291597 78125
646230 218750
399781 109375
847653 250000
325522 109375
465681 140625
971118 281250
717028 203125
534269 156250
878718 265625
176626 78125
115956 46875
735613 218750
558356 187500
35530 15625
742757 265625
903881 296875
110265 46875
732912 234375
715466 234375
973034 343750
46716 15625
619669 203125
372735 140625
131982 62500
66832 15625
242843 78125
228395 93750
840280 265625
297595 93750
149218 46875
240866 62500
38281 31250
221337 78125
410971 156250
914327 296875
578535 156250
674384 234375
88476 46875
438006 156250
599342 187500
38323 15625
650411 187500
170053 46875
862316 265625
811760 281250
342684 125000
666393 250000
387576 109375
250643 78125
449331 140625
451099 125000
375656 109375
625968 203125
859169 265625
219978 62500
689471 203125
112287 31250
598957 156250
96321 31250
547915 171875
621422 187500
527013 156250
311712 109375
163985 46875
706266 218750
615816 187500
395277 140625
274600 78125
281822 93750
139985 46875
701975 218750
185984 46875
180314 46875
547613 156250
683373 203125
678638 218750
431832 140625
788941 234375
940478 281250
433683 140625
986452 390625
730144 218750
612769 218750
106006 31250
508602 218750
347985 93750
397309 109375
591021 171875
378668 109375
51696 0
600172 203125
784662 250000
501881 171875
362973 109375
524548 156250
797616 234375
756580 234375
441218 125000
258856 78125
256706 93750
398820 125000
663118 218750
280001 78125
424253 156250
400353 125000
38019 15625
948439 312500
514157 156250
976524 312500
284391 78125
33137 15625
817596 250000
666401 187500
941968 296875
372769 109375
321186 109375
597667 234375
607215 234375
546421 203125
517914 171875
58444 15625
379477 125000
668687 218750
562923 187500
702542 234375
771165 265625
615344 203125
524072 140625
585823 218750
111726 46875
338108 140625
649135 187500
417232 140625
627128 234375
522409 171875
94270 46875
993694 359375
264196 93750
83432 31250
755264 281250
723493 281250
116383 46875
38819 15625
621031 250000
635016 203125
905913 281250
365700 125000
571993 171875
895208 296875
718764 250000
789485 250000
951662 328125
153352 46875
222667 109375
127510 46875
84313 31250
47709 15625
943067 296875
892334 296875
698158 234375
764356 281250
743933 265625
537193 203125
709976 234375
390421 109375
815949 234375
485544 156250
895599 265625
71592 15625
829858 281250
922881 312500
441601 125000
57872 15625
557168 187500
127903 46875
719318 250000
994866 312500
476831 140625
491602 171875
512788 140625
684056 218750
185974 62500
32703 0
94676 31250
898037 312500
946198 343750
936046 375000
623473 218750
946966 296875
965756 343750
90498 15625
92153 31250
947681 296875
20476 15625
930498 281250
158731 62500
713906 203125
401749 125000
623430 218750
198462 62500
345521 93750
547351 156250
246705 78125
561962 187500
809016 281250
646805 203125
157712 46875
314735 109375
487136 140625
232620 78125
151628 46875
989161 343750
131830 46875
430366 125000
634303 250000
518681 171875
654275 187500
570317 156250
237442 62500
383909 109375
278830 78125
485553 171875
768326 234375
790210 234375
159958 62500
232374 93750
935128 406250
77007 15625
173419 46875
804401 312500
123664 46875
279664 93750
892287 375000
226333 93750
448942 140625
462254 140625
256071 78125
753305 218750
823526 265625
943850 296875
621252 218750
364719 109375
28978 0
214078 78125
684714 265625
188603 62500
367890 93750
591998 171875
923592 296875
107997 46875
421799 140625
630170 203125
588186 171875
550436 187500
942120 281250
801792 234375
354533 125000
323673 109375
644637 265625
198468 78125
801990 281250
867850 312500
125366 31250
909739 296875
119640 62500
863206 281250
476973 140625
743166 281250
779825 328125
250833 62500
876425 390625
384866 109375
883263 296875
287648 78125
77331 31250
85938 31250
595946 203125
655761 281250
185779 78125
292285 125000
891270 281250
50873 31250
965408 328125
145116 62500
572624 171875
36646 0
273493 93750
761124 250000
675268 265625
253584 78125
450130 156250
41955 15625
203157 62500
389545 109375
117090 46875
674650 203125
763407 265625
490378 140625
126702 46875
577106 203125
265331 93750
169719 46875
722680 265625
266846 93750
399603 140625
348765 109375
668841 281250
278038 125000
624517 281250
42234 15625
221824 109375
742889 281250
191649 78125
595122 187500
418214 125000
418520 156250
208935 62500
821180 296875
265461 109375
640180 203125
647450 234375
901023 281250
63052 31250
856220 265625
637754 203125
80036 15625
925733 312500
912865 281250
410891 140625
675943 250000
549952 171875
586271 218750
182360 46875
520804 156250
647455 187500
749767 265625
252259 109375
741542 234375
562436 171875
100453 31250
368572 125000
316367 140625
985041 343750
815056 250000
139402 62500
970465 328125
740573 234375
511967 187500
950922 390625
655177 187500
511972 187500
203240 62500
749328 296875
298721 125000
739185 265625
225957 62500
115865 31250
966940 375000
917545 312500
292252 78125
605141 203125
519831 156250
419863 125000
290790 109375
251867 78125
261269 93750
705876 234375
655888 203125
621022 187500
36192 15625
433574 125000
99820 31250
896390 265625
172516 46875
918975 296875
650146 203125
783004 265625
718932 250000
175186 46875
703979 218750
638929 218750
35650 0
543795 171875
864708 265625
816631 296875
351320 109375
915378 328125
706999 281250
689403 312500
686223 250000
394274 171875
27441 15625
628820 296875
806835 359375
929522 312500
116028 46875
152464 62500
875751 343750
239366 78125
688364 281250
142005 62500
526022 187500
689447 343750
924767 296875
729659 218750
268872 62500
460321 187500
374684 109375
635041 234375
755359 218750
135761 31250
707256 218750
257364 78125
725445 265625
73329 46875
664631 250000
183019 46875
488649 156250
128582 62500
993024 406250
531921 140625
338491 109375
414091 171875
789138 281250
297255 78125
533950 187500
750762 234375
221989 62500
108915 46875
770976 296875
26735 0
556313 187500
470753 140625
932522 281250
315569 109375
671084 250000
474928 140625
497533 171875
692701 203125
155133 62500
251208 78125
251938 62500
675323 187500
790508 234375
334978 140625
782848 234375
990048 343750
906988 281250
944236 328125
527134 171875
278591 93750
659869 203125
741928 234375
981081 375000
425370 125000
155439 31250
578597 171875
229449 78125
726456 265625
210808 62500
233868 93750
925312 281250
130616 46875
286320 78125
505165 140625
50432 31250
686924 203125
572254 171875
675498 234375
320070 109375
630078 187500
985765 328125
102694 46875
926010 281250
935339 296875
296658 109375
908899 281250
499437 156250
441870 125000
176830 62500
543935 171875
620558 218750
994111 296875
584208 218750
131071 46875
291503 125000
308674 109375
859158 250000
430529 125000
870995 296875
725135 250000
455301 140625
247100 78125
208266 62500
126605 46875
329620 156250
200506 62500
363667 125000
414641 171875
761285 218750
796040 250000
407247 109375
729807 234375
807530 234375
844129 250000
884291 265625
637411 187500
636246 187500
765339 234375
378222 125000
601976 203125
88558 15625
149960 62500
470192 156250
818853 250000
330732 78125
65348 31250
839678 250000
460292 156250
389141 140625
480043 140625
461479 125000
229384 78125
485665 140625
301291 93750
687414 187500
42764 0
636475 203125
980611 328125
152030 46875
960507 328125
660692 203125
250570 78125
249062 62500
793702 250000
636124 187500
200423 62500
206540 93750
117748 46875
539610 171875
454544 140625
298668 93750
254665 93750
337472 109375
97496 31250
289168 78125
644112 187500
349337 140625
952014 343750
140058 31250
688630 203125
572432 171875
970557 296875
715912 250000
824920 250000
596649 171875
581389 171875
159152 62500
973181 281250
556769 156250
692407 203125
408233 109375
39012 15625
964869 328125
854416 296875
650828 187500
59290 15625
511328 156250
682214 203125
418742 125000
574866 171875
560430 156250
881536 281250
967534 281250
628484 187500
429117 140625
697683 218750
192665 78125
432228 109375
420845 125000
480828 140625
263272 93750
262114 78125
540701 156250
790607 265625
882579 281250
129123 31250
598794 218750
478563 171875
905757 296875
299102 78125
263733 93750
859317 265625
710833 234375
311843 78125
659275 187500
401858 109375
91250 46875
21883 0
379085 125000
735088 203125
98085 31250
799544 250000
943000 281250
88374 46875
482747 140625
643527 250000
462403 171875
421611 109375
857733 312500
40901 0
950502 359375
177196 62500
858416 281250
848687 250000
789555 250000
355617 109375
500350 187500
773630 234375
361392 93750
808054 234375
152284 46875
648465 234375
238480 78125
270225 93750
777985 250000
761406 234375
330251 125000
254839 78125
419154 109375
99556 31250
284452 78125
535109 203125
850276 281250
375441 109375
451301 187500
782310 250000
270233 78125
214055 78125
965653 343750
652526 203125
586657 218750
158819 62500
584465 171875
102541 46875
987017 375000
184363 62500
502755 187500
668232 281250
328712 109375
498537 203125
550666 187500
212530 78125
533361 156250
693289 218750
911809 312500
401078 140625
591562 218750
621156 203125
434121 125000
951129 281250
448212 125000
448346 156250
146024 46875
212715 78125
515375 156250
835461 296875
164835 62500
769622 250000
997823 312500
392294 109375
375324 109375
142768 46875
726242 234375
503408 156250
189503 62500
641635 218750
432572 156250
458004 156250
554978 203125
882875 265625
849897 250000
315412 93750
105597 31250
882695 265625
176697 62500
747623 265625
723096 218750
402325 109375
844264 234375
254457 93750
82120 15625
656444 187500
808448 234375
773769 218750
968621 343750
846507 265625
493387 171875
572043 187500
750490 218750
964694 281250
428257 125000
34217 0
547208 171875
199797 62500
320272 93750
101285 31250
70939 31250
874132 281250
381931 109375
835497 250000
855464 281250
299399 78125
754867 218750
815779 250000
27439 15625
581066 171875
173243 46875
108152 46875
311800 93750
627492 234375
320153 125000
71054 31250
589313 187500
253594 78125
839486 250000
990896 406250
291478 93750
98709 46875
739873 265625
109726 46875
495995 171875
562345 187500
867396 328125
603384 187500
25433 15625
635246 234375
150202 78125
285886 93750
236038 78125
99775 31250
780086 281250
328617 140625
432314 187500
518197 203125
87756 15625
710014 296875
31494 0
65894 15625
758311 281250
321542 140625
503370 203125
468666 125000
657286 234375
708205 234375
33417 15625
799798 250000
981407 468750
599818 250000
80746 46875
61549 31250
626098 250000
798837 312500
630303 250000
514902 250000
724798 390625
656206 375000
360979 140625
769812 265625
704301 343750
745497 343750
639745 234375
199759 46875
620455 250000
49663 15625
731102 218750
485027 140625
560736 156250
988861 296875
446408 171875
545694 156250
740368 281250
531200 171875
749754 218750
227693 78125
395880 125000
195583 62500
754112 281250
663901 187500
669022 218750
364729 156250
499424 140625
618951 234375
354081 125000
736175 218750
489872 171875
872167 250000
588577 187500
366190 125000
766120 296875
380774 125000
278975 78125
536725 156250
844879 281250
870081 250000
209318 62500
529732 156250
455069 140625
720433 203125
80259 15625
930757 296875
936378 281250
854113 250000
789869 234375
735195 234375
781577 359375
660009 390625
