9384 15625
15291 0
14747 0
18302 0
11676 15625
12542 0
18678 0
7897 0
14916 0
9296 15625
11424 0
3761 0
10891 0
6684 0
19094 0
8445 0
18266 15625
8599 15625
11450 0
11912 15625
11057 0
11171 15625
9903 15625
4874 0
12062 15625
1558 0
518 0
2132 0
12856 0
10534 15625
5897 0
11179 0
15304 15625
359 0
13065 0
9157 0
14200 15625
1321 0
637 0
17307 0
2446 0
16167 0
13573 0
8250 0
14291 0
4390 0
14791 15625
10568 0
9693 15625
203 0
13914 0
10499 0
2079 0
16681 0
7399 0
14880 0
1179 0
13578 0
1136 0
10906 0
1107 0
13475 0
13516 15625
1097 0
8514 0
9176 0
9040 0
16779 0
1790 0
12513 15625
10069 0
5407 0
1873 0
13175 15625
15508 15625
674 0
15731 0
10065 0
4420 0
10116 0
19005 0
6136 0
16498 0
10278 0
16692 0
6223 15625
17520 0
5618 0
7330 0
8012 0
5336 0
3804 0
13199 15625
738 0
17601 0
19202 0
14415 0
622 0
19573 0
1241 0
11467 15625
18787 0
8290 15625
11376 0
18824 0
17690 0
16662 15625
14341 0
5573 0
3057 0
5862 0
17464 0
8696 0
1524 15625
13280 0
10858 15625
3551 0
12865 0
9330 0
13434 0
7001 0
7011 0
19394 0
13647 0
3403 0
5882 0
15347 0
4792 0
18141 15625
6142 0
13475 0
7485 0
13876 0
16332 0
615 0
6138 0
16247 15625
11629 0
4276 0
17661 0
4197 0
2606 0
409 0
19411 15625
13589 0
5618 15625
12484 0
7068 15625
5702 0
484 0
3519 0
10752 0
8746 0
10105 0
2397 0
1121 0
14754 15625
3416 0
17639 0
12258 0
3758 15625
1592 0
2939 0
17853 0
1852 0
16015 0
19998 0
10209 0
13140 0
14727 15625
14619 0
19876 0
1097 0
16579 0
12841 15625
6547 0
19483 15625
1065 15625
5994 15625
10618 0
14584 0
5074 0
12843 0
7156 0
388 0
9054 0
7707 0
6470 0
11584 0
17183 0
16308 0
19363 15625
18053 0
15969 0
16415 0
18847 0
15709 0
3718 0
5644 0
10604 15625
12951 0
17373 0
14633 0
8009 0
1744 0
14505 15625
13446 0
7985 0
3673 0
10016 0
1591 0
19700 0
9908 0
2355 0
19449 0
3294 0
11513 0
15655 0
642 0
15095 15625
8877 15625
18091 0
216 0
19988 15625
11765 0
11092 0
3048 0
13271 15625
2803 0
8385 0
8150 0
12004 0
11494 15625
12940 0
16096 0
6105 0
77 0
584 0
9766 0
14470 15625
19725 15625
17868 0
9160 0
3449 0
7637 15625
13116 0
6177 15625
7055 0
17388 0
16523 15625
16645 15625
3563 0
322 0
3086 0
6783 0
1904 0
8896 0
5438 0
389 0
13284 0
10084 0
2396 0
14194 15625
7759 0
11140 0
13449 0
6379 0
8656 0
8829 0
18948 15625
11246 0
19678 0
12394 0
567 0
5831 0
2743 0
4629 0
5887 0
19731 0
17299 0
2711 0
58 0
17586 0
19393 0
3381 0
1056 0
6083 0
1877 0
18141 15625
9345 0
14746 15625
17886 15625
5462 0
13887 0
19136 0
7619 15625
2888 0
14479 0
2585 0
18754 15625
9094 0
7983 0
18066 0
477 0
1204 0
9017 0
2926 15625
3337 0
12736 15625
15516 0
6122 0
7570 0
13157 0
18139 15625
9937 0
18830 15625
8411 0
4480 0
14942 0
15151 0
5353 15625
5361 15625
16886 0
3701 0
17385 0
19503 0
1409 0
16170 15625
7861 0
7342 0
12222 0
16216 15625
557 0
9877 0
12847 0
15317 0
3224 0
8863 0
6444 0
8424 0
3476 0
12437 15625
19054 0
4929 0
4202 0
19339 15625
10717 15625
10854 0
17167 15625
7549 0
17294 0
11876 0
12018 15625
4734 0
2051 0
19095 0
18093 15625
9617 15625
19621 0
17056 0
18709 15625
12072 15625
12954 0
6098 0
6602 0
13030 0
15792 15625
18832 0
7776 0
16223 0
5532 0
8716 0
7192 0
11625 0
12965 0
8197 0
1764 0
11477 0
19395 15625
14270 0
2892 0
5365 0
86 0
6841 0
9440 0
7400 0
3433 0
10178 0
8767 0
18254 0
14972 15625
8157 0
14428 15625
12029 0
10356 0
12707 15625
10931 0
15658 0
19724 0
16096 0
10729 0
17550 0
5895 0
19417 15625
5833 0
10479 0
10966 15625
406 0
13594 15625
17138 15625
18706 0
14811 15625
6587 0
4433 0
1216 0
13534 15625
7267 15625
9558 15625
2563 0
16077 0
14096 0
5091 15625
5112 0
3297 0
5357 0
9311 0
14100 15625
5526 0
9097 0
8074 15625
14060 0
5344 0
8345 15625
1844 0
12091 0
8703 15625
10640 15625
4194 0
2476 15625
15995 0
4835 15625
5481 0
94 0
3307 0
9955 0
6054 0
10125 0
814 0
4078 0
18627 15625
3403 0
853 0
11554 0
16838 15625
6059 0
5232 0
9323 0
17602 15625
6985 0
16675 0
17277 15625
6984 0
13176 0
11856 0
12250 0
6476 0
5875 0
13072 0
17878 0
14419 15625
2828 0
15576 0
14673 15625
12002 15625
2415 0
4406 0
10478 15625
17718 0
16059 15625
4515 0
11169 15625
7187 0
17270 0
6279 0
10364 0
4106 0
7960 15625
1508 0
9273 0
9030 15625
19025 0
5179 0
3685 0
1875 0
4825 0
12169 0
16421 0
309 0
19203 15625
10399 0
2341 15625
7407 0
718 0
7678 0
3131 0
3756 0
17715 0
18923 0
1993 0
7381 0
14209 15625
11921 0
16672 15625
10365 15625
6372 0
4334 15625
1387 0
7720 0
11917 0
14104 15625
3055 0
3657 0
2456 0
10257 0
17751 0
7219 0
15816 0
19852 0
10599 0
1506 0
12581 0
11233 0
17364 15625
13843 0
4818 0
9487 0
19661 15625
19815 0
6285 0
15884 15625
8838 15625
19127 0
13531 15625
7210 0
1578 0
1298 0
10818 0
13785 0
2872 0
7171 0
16874 15625
2786 0
17648 0
14727 0
1757 0
18022 0
13828 0
19975 0
11937 0
4478 0
97 0
17137 0
5625 0
19168 15625
16673 0
5599 15625
5111 0
16717 0
12187 0
17029 0
7252 0
11541 0
6944 0
14694 15625
7546 0
10814 0
7413 0
10892 0
18184 0
13220 0
16193 15625
19494 15625
10371 0
2603 0
6321 0
11619 0
5532 0
10117 0
10113 0
1251 0
15305 15625
15348 0
16451 0
17638 0
8828 0
17532 15625
6402 0
13962 0
4962 0
3043 0
9461 0
10169 15625
14312 15625
12892 0
19149 15625
15522 15625
10266 0
18081 0
14473 15625
10957 0
4076 15625
9595 0
11346 0
7884 0
17149 0
11284 15625
12746 0
16577 0
12875 15625
15318 0
17608 0
14660 0
15680 0
12550 15625
12964 0
16051 15625
10914 0
16165 0
3730 0
10608 0
7246 15625
5283 0
7863 0
19010 15625
19985 15625
2820 0
1671 0
6749 0
17600 0
19355 15625
10990 0
6602 0
11720 15625
15577 0
6702 0
11698 0
7093 0
5627 0
11676 0
8968 0
12872 0
15810 0
1168 0
11968 0
6246 0
3959 0
6969 0
17078 15625
16999 15625
8924 0
1349 0
2368 0
18122 15625
6005 0
2321 0
15562 0
5349 0
11898 15625
13118 0
9980 0
153 0
12315 0
11371 0
5205 0
16148 0
8744 0
9585 0
8720 0
10325 0
892 0
4850 0
16607 0
2935 0
16284 0
8277 0
10539 0
9043 0
5325 15625
5183 0
17988 0
16508 15625
6389 0
18958 0
2405 0
9782 0
10861 0
11884 0
19138 0
12905 0
7204 0
1224 0
438 0
10071 0
1748 0
1783 0
10465 0
6447 0
1760 0
8665 0
4803 0
17106 0
2023 0
12046 15625
2403 0
1183 0
10749 0
11110 15625
14355 0
17564 15625
1552 0
8443 0
18251 0
19807 0
16628 0
19341 15625
15025 0
17527 15625
18332 0
10787 0
4321 0
11448 0
12709 0
1538 0
8700 0
14374 0
11101 15625
16140 0
7036 0
18451 0
2882 0
332 0
14053 0
18416 15625
13762 0
10364 0
19747 0
5288 0
14526 0
11725 15625
19875 0
11604 0
3263 0
19489 15625
15306 15625
558 0
2447 0
8134 0
9857 0
11296 0
19540 0
14218 0
13464 15625
2875 0
2536 0
3584 0
4302 0
2582 0
11088 15625
3846 0
10071 0
524 0
18898 15625
5780 0
994 0
5319 0
19498 0
11800 15625
13598 15625
718 0
1899 0
13172 0
3486 0
19284 15625
16077 0
18765 15625
1007 0
4149 0
10317 0
3274 0
3743 0
4508 0
3409 0
19221 15625
981 0
11362 15625
18852 15625
19751 15625
10808 0
10268 0
17114 0
1546 0
14499 15625
3054 0
8312 0
13331 0
10300 15625
19998 15625
11431 0
18900 15625
2006 15625
10528 0
15899 15625
19908 15625
1102 0
5680 0
16026 0
11978 0
16838 0
13478 0
4177 0
10687 0
14212 0
6589 15625
14247 0
6979 0
19924 15625
5256 0
4117 15625
8284 0
5325 0
3398 0
9673 0
9836 0
19348 0
11155 0
12718 0
14331 0
15054 15625
13253 0
1123 0
12392 0
1680 0
15419 15625
12124 0
9998 0
8725 15625
7172 0
14656 0
15908 0
16780 15625
5861 0
11414 15625
18221 15625
12375 0
17293 0
3330 0
6491 0
5530 0
10222 0
2045 0
13770 0
19986 15625
15553 0
4229 0
12037 15625
17247 15625
6021 0
2817 0
18700 15625
8215 0
3383 0
3388 0
5026 0
15997 0
2269 0
18457 15625
10160 0
15168 0
9711 0
7282 15625
13855 15625
12206 0
12530 0
6425 0
8574 0
14228 15625
9106 0
281 0
1528 0
3345 0
12678 0
15567 0
3055 15625
16310 15625
17059 15625
691 0
16941 0
17549 15625
7802 0
2221 0
14083 0
8675 0
13123 15625
8488 0
848 0
11432 15625
10473 0
14444 15625
29 0
12222 15625
13590 0
19415 15625
1366 0
10910 15625
16874 15625
4017 0
7643 0
5527 15625
7258 0
15663 0
10310 0
7869 0
16615 15625
1141 0
1134 0
10457 15625
13847 0
18330 0
8673 0
10614 0
12885 0
8075 0
19073 15625
1999 0
4601 15625
10694 15625
19010 0
9613 0
14516 15625
1682 0
2979 0
19979 15625
2792 0
2190 0
7524 0
19949 15625
12205 0
15396 0
4977 0
18266 15625
2733 0
10160 0
5432 0
7408 15625
1355 0
19961 15625
1447 0
11439 0
11467 0
5095 15625
2679 15625
10489 15625
7732 0
7799 0
2160 0
11583 15625
9827 0
9644 0
16435 15625
16907 15625
16226 0
4602 0
9435 15625
5913 0
1402 0
19516 15625
15432 0
18315 15625
10613 15625
13688 0
8689 0
7102 0
7793 0
1057 0
1133 0
18579 15625
5320 15625
10215 0
11328 15625
11442 0
16455 15625
2612 0
1034 0
12313 15625
16522 0
16141 15625
11594 0
15504 0
1583 0
791 0
127542 62500
73754 46875
173516 93750
256293 140625
71073 31250
792245 468750
957611 562500
27123 15625
534462 296875
868056 406250
909394 421875
502039 234375
329504 171875
224493 93750
858316 406250
107972 46875
977013 500000
886563 406250
990814 531250
111585 46875
589948 343750
549275 250000
368308 156250
224681 125000
430003 187500
299814 156250
899072 468750
260998 109375
570936 265625
930030 437500
524599 250000
390193 171875
814629 421875
279988 125000
331915 140625
468321 234375
633675 296875
900010 421875
418539 187500
615511 265625
720977 328125
356093 156250
332713 140625
906607 437500
352956 156250
263360 109375
332981 140625
569069 250000
629601 296875
738243 343750
672247 359375
669149 328125
459936 203125
135958 46875
86974 31250
994766 546875
619182 281250
751898 390625
640858 296875
148746 62500
659259 343750
931942 437500
152294 78125
900177 421875
487903 234375
968884 453125
907969 421875
694907 328125
420232 171875
551263 296875
989138 593750
344785 171875
181570 78125
930987 515625
274725 140625
400194 171875
575563 296875
689120 312500
423777 187500
628691 281250
197885 78125
44241 15625
334908 171875
750090 375000
394627 171875
564473 312500
97160 46875
445578 203125
305402 125000
826397 390625
164043 62500
501712 265625
651421 296875
120360 46875
776450 359375
878355 531250
512782 296875
180402 78125
218564 78125
580549 250000
789982 390625
698704 328125
287433 109375
390827 171875
777488 359375
575561 265625
415939 187500
912837 484375
944384 500000
342170 171875
184198 78125
917203 453125
107655 46875
719692 328125
692850 375000
170740 62500
221556 93750
231168 125000
649057 312500
672363 312500
405144 171875
545476 296875
599262 281250
331629 156250
702805 328125
565586 250000
294269 125000
384020 187500
676579 312500
205979 78125
251441 109375
306859 140625
192450 78125
35223 15625
538722 234375
205648 140625
196071 93750
70670 15625
23621 0
597322 265625
704172 312500
360694 156250
458807 234375
619228 281250
331517 140625
324958 156250
492123 218750
947034 453125
644864 312500
559964 281250
163301 62500
729752 375000
548050 250000
208631 125000
101227 62500
859174 453125
93114 62500
882086 437500
915533 531250
331552 140625
643366 296875
420407 218750
740979 328125
597298 265625
620506 343750
514981 218750
899275 421875
129794 46875
213036 93750
993837 468750
734033 328125
139617 46875
360047 156250
754737 390625
652398 359375
566425 250000
458575 203125
99376 46875
345704 140625
469537 203125
233821 109375
163531 62500
291597 125000
646230 281250
399781 218750
847653 390625
325522 140625
465681 203125
971118 546875
717028 343750
534269 234375
878718 500000
176626 78125
115956 46875
735613 343750
558356 281250
35530 15625
742757 390625
903881 500000
110265 31250
732912 421875
715466 359375
973034 593750
46716 15625
619669 328125
372735 203125
131982 46875
66832 31250
242843 93750
228395 93750
840280 390625
297595 156250
149218 46875
240866 109375
38281 15625
221337 93750
410971 187500
914327 437500
578535 265625
674384 312500
88476 31250
438006 218750
599342 328125
38323 15625
650411 328125
170053 78125
862316 406250
811760 390625
342684 125000
666393 359375
387576 171875
250643 109375
449331 187500
451099 203125
375656 171875
625968 343750
859169 515625
219978 109375
689471 359375
112287 46875
598957 265625
96321 46875
547915 250000
621422 281250
527013 250000
311712 125000
163985 78125
706266 328125
615816 359375
395277 171875
274600 125000
281822 109375
139985 62500
701975 328125
185984 125000
180314 62500
547613 265625
683373 312500
678638 312500
431832 203125
788941 406250
940478 500000
433683 187500
986452 468750
730144 343750
612769 328125
106006 46875
508602 234375
347985 156250
397309 171875
591021 328125
378668 171875
51696 15625
600172 265625
784662 359375
501881 218750
362973 156250
524548 234375
797616 406250
756580 359375
441218 187500
258856 125000
256706 109375
398820 171875
663118 359375
280001 203125
424253 250000
400353 203125
38019 15625
948439 468750
514157 281250
976524 484375
284391 140625
33137 15625
817596 468750
666401 359375
941968 453125
372769 171875
321186 156250
597667 281250
607215 296875
546421 250000
517914 296875
58444 15625
379477 187500
668687 359375
562923 265625
702542 359375
771165 437500
615344 359375
524072 250000
585823 328125
111726 46875
338108 156250
649135 328125
417232 187500
627128 296875
522409 250000
94270 46875
993694 609375
264196 156250
83432 46875
755264 437500
723493 406250
116383 62500
38819 15625
621031 312500
635016 312500
905913 453125
365700 171875
571993 281250
895208 453125
718764 359375
789485 390625
951662 468750
153352 93750
222667 109375
127510 62500
84313 31250
47709 15625
943067 515625
892334 500000
698158 375000
764356 390625
743933 359375
537193 250000
709976 343750
390421 203125
815949 406250
485544 234375
895599 453125
71592 31250
829858 562500
922881 500000
441601 218750
57872 31250
557168 265625
127903 46875
719318 343750
994866 515625
476831 265625
491602 250000
512788 234375
684056 343750
185974 93750
32703 15625
94676 46875
898037 437500
946198 515625
936046 468750
623473 296875
946966 484375
965756 500000
90498 46875
92153 31250
947681 453125
20476 15625
930498 468750
158731 62500
713906 453125
401749 171875
623430 328125
198462 78125
345521 156250
547351 250000
246705 109375
561962 312500
809016 406250
646805 312500
157712 93750
314735 125000
487136 265625
232620 140625
151628 62500
989161 531250
131830 62500
430366 359375
634303 296875
518681 281250
654275 296875
570317 281250
237442 109375
383909 171875
278830 156250
485553 265625
768326 406250
790210 468750
159958 93750
232374 125000
935128 578125
77007 31250
173419 78125
804401 484375
123664 62500
279664 125000
892287 437500
226333 109375
448942 218750
462254 234375
256071 109375
753305 359375
823526 421875
943850 468750
621252 296875
364719 156250
28978 15625
214078 140625
684714 328125
188603 78125
367890 156250
591998 281250
923592 531250
107997 62500
421799 187500
630170 328125
588186 281250
550436 281250
942120 453125
801792 375000
354533 156250
323673 156250
644637 390625
198468 93750
801990 421875
867850 453125
125366 46875
909739 468750
119640 62500
863206 406250
476973 250000
743166 406250
779825 375000
250833 125000
876425 453125
384866 187500
883263 421875
287648 156250
77331 31250
85938 46875
595946 281250
655761 390625
185779 78125
292285 140625
891270 546875
50873 46875
965408 468750
145116 93750
572624 312500
36646 15625
273493 109375
761124 500000
675268 390625
253584 109375
450130 218750
41955 15625
203157 93750
389545 171875
117090 46875
674650 312500
763407 390625
490378 218750
126702 46875
577106 296875
265331 125000
169719 78125
722680 343750
266846 109375
399603 187500
348765 234375
668841 437500
278038 171875
624517 343750
42234 31250
221824 156250
742889 437500
191649 109375
595122 312500
418214 187500
418520 187500
208935 93750
821180 406250
265461 140625
640180 390625
647450 343750
901023 562500
63052 31250
856220 468750
637754 343750
80036 31250
925733 437500
912865 484375
410891 203125
675943 328125
549952 250000
586271 296875
182360 109375
520804 312500
647455 359375
749767 468750
252259 125000
741542 406250
562436 328125
100453 46875
368572 171875
316367 140625
985041 531250
815056 500000
139402 78125
970465 593750
740573 359375
511967 234375
950922 625000
655177 312500
511972 234375
203240 125000
749328 421875
298721 156250
739185 343750
225957 93750
115865 46875
966940 515625
917545 453125
292252 156250
605141 328125
519831 281250
419863 234375
290790 125000
251867 109375
261269 109375
705876 312500
655888 296875
621022 328125
36192 15625
433574 234375
99820 46875
896390 437500
172516 78125
918975 453125
650146 296875
783004 390625
718932 343750
175186 93750
703979 328125
638929 343750
35650 15625
543795 312500
864708 468750
816631 406250
351320 187500
915378 562500
706999 437500
689403 421875
686223 390625
394274 296875
27441 15625
628820 390625
806835 531250
929522 609375
116028 46875
152464 78125
875751 687500
239366 140625
688364 453125
142005 78125
526022 296875
689447 390625
924767 484375
729659 359375
268872 125000
460321 218750
374684 171875
635041 281250
755359 390625
135761 62500
707256 328125
257364 93750
725445 343750
73329 46875
664631 312500
183019 78125
488649 265625
128582 62500
993024 593750
531921 312500
338491 140625
414091 187500
789138 484375
297255 125000
533950 250000
750762 390625
221989 109375
108915 46875
770976 390625
26735 15625
556313 250000
470753 187500
932522 468750
315569 140625
671084 359375
474928 218750
497533 218750
692701 328125
155133 78125
251208 125000
251938 156250
675323 375000
790508 375000
334978 156250
782848 359375
990048 515625
906988 531250
944236 453125
527134 234375
278591 109375
659869 312500
741928 343750
981081 515625
425370 187500
155439 78125
578597 265625
229449 109375
726456 343750
210808 93750
233868 93750
925312 500000
130616 46875
286320 125000
505165 234375
50432 31250
686924 312500
572254 296875
675498 296875
320070 140625
630078 296875
985765 484375
102694 46875
926010 453125
935339 437500
296658 125000
908899 421875
499437 234375
441870 203125
176830 93750
543935 234375
620558 328125
994111 468750
584208 265625
131071 62500
291503 156250
308674 125000
859158 421875
430529 218750
870995 421875
725135 406250
455301 234375
247100 156250
208266 93750
126605 62500
329620 140625
200506 109375
363667 187500
414641 187500
761285 359375
796040 406250
407247 187500
729807 343750
807530 375000
844129 406250
884291 453125
637411 296875
636246 343750
765339 359375
378222 171875
601976 328125
88558 62500
149960 62500
470192 218750
818853 468750
330732 156250
65348 31250
839678 437500
460292 203125
389141 171875
480043 218750
461479 218750
229384 140625
485665 250000
301291 140625
687414 328125
42764 15625
636475 296875
980611 468750
152030 109375
960507 453125
660692 296875
250570 109375
249062 109375
793702 375000
636124 312500
200423 93750
206540 93750
117748 62500
539610 250000
454544 203125
298668 140625
254665 109375
337472 140625
97496 46875
289168 125000
644112 312500
349337 156250
952014 500000
140058 62500
688630 328125
572432 281250
970557 468750
715912 375000
824920 390625
596649 281250
581389 328125
159152 62500
973181 531250
556769 250000
692407 328125
408233 203125
39012 15625
964869 484375
854416 437500
650828 296875
59290 46875
511328 234375
682214 359375
418742 171875
574866 250000
560430 250000
881536 421875
967534 453125
628484 281250
429117 203125
697683 421875
192665 78125
432228 187500
420845 171875
480828 218750
263272 140625
262114 125000
540701 250000
790607 359375
882579 437500
129123 62500
598794 265625
478563 203125
905757 437500
299102 156250
263733 109375
859317 390625
710833 328125
311843 156250
659275 312500
401858 234375
91250 46875
21883 0
379085 156250
735088 359375
98085 46875
799544 375000
943000 453125
88374 31250
482747 203125
643527 359375
462403 218750
421611 218750
857733 406250
40901 15625
950502 484375
177196 93750
858416 453125
848687 390625
789555 375000
355617 171875
500350 234375
773630 437500
361392 156250
808054 375000
152284 62500
648465 359375
238480 125000
270225 109375
777985 375000
761406 406250
330251 171875
254839 109375
419154 234375
99556 46875
284452 125000
535109 265625
850276 390625
375441 171875
451301 203125
782310 359375
270233 109375
214055 109375
965653 578125
652526 312500
586657 312500
158819 62500
584465 343750
102541 31250
987017 500000
184363 78125
502755 234375
668232 296875
328712 140625
498537 234375
550666 296875
212530 78125
533361 234375
693289 343750
911809 437500
401078 171875
591562 265625
621156 281250
434121 203125
951129 453125
448212 250000
448346 187500
146024 62500
212715 93750
515375 234375
835461 390625
164835 78125
769622 359375
997823 468750
392294 171875
375324 156250
142768 62500
726242 343750
503408 281250
189503 93750
641635 296875
432572 203125
458004 203125
554978 250000
882875 421875
849897 421875
315412 140625
105597 62500
882695 468750
176697 78125
747623 343750
723096 359375
402325 187500
844264 421875
254457 109375
82120 31250
656444 296875
808448 375000
773769 359375
968621 531250
846507 437500
493387 218750
572043 296875
750490 359375
964694 484375
428257 187500
34217 15625
547208 250000
199797 78125
320272 140625
101285 46875
70939 31250
874132 421875
381931 171875
835497 406250
855464 406250
299399 125000
754867 375000
815779 421875
27439 15625
581066 296875
173243 62500
108152 46875
311800 125000
627492 328125
320153 140625
71054 31250
589313 281250
253594 109375
839486 406250
990896 625000
291478 140625
98709 62500
739873 515625
109726 46875
495995 296875
562345 296875
867396 500000
603384 359375
25433 15625
635246 312500
150202 78125
285886 140625
236038 109375
99775 46875
780086 421875
328617 156250
432314 250000
518197 312500
87756 62500
710014 468750
31494 15625
65894 31250
758311 406250
321542 187500
503370 312500
468666 265625
657286 328125
708205 406250
33417 0
799798 406250
981407 687500
599818 312500
80746 62500
61549 46875
626098 578125
798837 609375
630303 453125
514902 328125
724798 468750
656206 593750
360979 234375
769812 421875
704301 390625
745497 468750
639745 328125
199759 78125
620455 359375
49663 31250
731102 375000
485027 234375
560736 250000
988861 468750
446408 312500
545694 265625
740368 437500
531200 328125
749754 359375
227693 125000
395880 203125
195583 78125
754112 343750
663901 312500
669022 343750
364729 156250
499424 218750
618951 343750
354081 156250
736175 343750
489872 218750
872167 453125
588577 265625
366190 156250
766120 437500
380774 171875
278975 125000
536725 250000
844879 468750
870081 406250
209318 78125
529732 250000
455069 203125
720433 406250
80259 46875
930757 453125
936378 437500
854113 406250
789869 406250
735195 515625
781577 546875
660009 343750
