1 0
21 0
41 0
61 0
81 0
101 0
121 0
141 0
161 0
181 0
201 0
221 0
241 0
261 0
281 0
301 0
321 0
341 0
361 0
381 0
401 0
421 0
441 0
461 0
481 0
501 0
521 0
541 0
561 0
581 0
601 0
621 0
641 0
661 0
681 0
701 0
721 0
741 0
761 0
781 0
801 0
821 0
841 0
861 0
881 0
901 0
921 0
941 0
961 0
981 0
1001 0
1021 0
1041 0
1061 0
1081 0
1101 0
1121 0
1141 0
1161 0
1181 0
1201 0
1221 0
1241 0
1261 0
1281 0
1301 15625
1321 0
1341 0
1361 0
1381 0
1401 0
1421 15625
1441 0
1461 0
1481 0
1501 15625
1521 0
1541 0
1561 0
1581 0
1601 0
1621 0
1641 0
1661 0
1681 0
1701 0
1721 0
1741 0
1761 15625
1781 0
1801 0
1821 0
1841 0
1861 0
1881 0
1901 15625
1921 0
1941 0
1961 0
1981 0
2001 0
2021 0
2041 0
2061 0
2081 0
2101 15625
2121 0
2141 0
2161 0
2181 0
2201 0
2221 15625
2241 0
2261 0
2281 0
2301 0
2321 0
2341 15625
2361 0
2381 15625
2401 15625
2421 0
2441 15625
2461 0
2481 0
2501 0
2521 0
2541 0
2561 15625
2581 15625
2601 15625
2621 0
2641 0
2661 0
2681 0
2701 0
2721 0
2741 0
2761 0
2781 15625
2801 0
2821 0
2841 15625
2861 0
2881 0
2901 0
2921 0
2941 0
2961 0
2981 0
3001 0
3021 0
3041 0
3061 0
3081 0
3101 0
3121 0
3141 0
3161 15625
3181 0
3201 0
3221 15625
3241 15625
3261 0
3281 0
3301 15625
3321 0
3341 15625
3361 0
3381 15625
3401 15625
3421 15625
3441 15625
3461 0
3481 15625
3501 15625
3521 0
3541 15625
3561 0
3581 0
3601 0
3621 0
3641 0
3661 15625
3681 0
3701 0
3721 15625
3741 0
3761 15625
3781 0
3801 0
3821 0
3841 15625
3861 0
3881 0
3901 0
3921 0
3941 0
3961 0
3981 15625
4001 0
4021 15625
4041 15625
4061 0
4081 15625
4101 15625
4121 0
4141 15625
4161 0
4181 0
4201 15625
4221 15625
4241 15625
4261 15625
4281 15625
4301 0
4321 15625
4341 15625
4361 0
4381 15625
4401 15625
4421 0
4441 15625
4461 0
4481 0
4501 0
4521 15625
4541 0
4561 0
4581 0
4601 15625
4621 0
4641 15625
4661 15625
4681 15625
4701 0
4721 0
4741 15625
4761 0
4781 15625
4801 15625
4821 15625
4841 15625
4861 0
4881 15625
4901 15625
4921 0
4941 15625
4961 0
4981 15625
5001 15625
5021 15625
5041 15625
5061 15625
5081 15625
5101 15625
5121 15625
5141 15625
5161 15625
5181 15625
5201 15625
5221 15625
5241 15625
5261 15625
5281 0
5301 15625
5321 15625
5341 15625
5361 15625
5381 15625
5401 15625
5421 15625
5441 15625
5461 15625
5481 15625
5501 15625
5521 15625
5541 15625
5561 15625
5581 15625
5601 15625
5621 0
5641 15625
5661 0
5681 15625
5701 15625
5721 15625
5741 15625
5761 15625
5781 15625
5801 15625
5821 15625
5841 15625
5861 15625
5881 15625
5901 15625
5921 15625
5941 15625
5961 15625
5981 15625
6001 15625
6021 15625
6041 15625
6061 15625
6081 15625
6101 15625
6121 15625
6141 15625
6161 15625
6181 15625
6201 15625
6221 15625
6241 15625
6261 15625
6281 15625
6301 15625
6321 15625
6341 15625
6361 15625
6381 31250
6401 31250
6421 31250
6441 15625
6461 15625
6481 31250
6501 31250
6521 15625
6541 15625
6561 15625
6581 31250
6601 15625
6621 15625
6641 15625
6661 15625
6681 15625
6701 15625
6721 15625
6741 15625
6761 31250
6781 15625
6801 15625
6821 31250
6841 31250
6861 31250
6881 31250
6901 15625
6921 15625
6941 31250
6961 31250
6981 31250
7001 15625
7021 15625
7041 31250
7061 15625
7081 15625
7101 15625
7121 15625
7141 31250
7161 15625
7181 15625
7201 15625
7221 31250
7241 31250
7261 31250
7281 15625
7301 15625
7321 31250
7341 31250
7361 31250
7381 15625
7401 31250
7421 31250
7441 15625
7461 15625
7481 31250
7501 31250
7521 15625
7541 31250
7561 31250
7581 15625
7601 31250
7621 31250
7641 15625
7661 31250
7681 15625
7701 31250
7721 31250
7741 15625
7761 15625
7781 31250
7801 15625
7821 31250
7841 31250
7861 31250
7881 15625
7901 31250
7921 31250
7941 31250
7961 31250
7981 31250
8001 15625
8021 31250
8041 31250
8061 31250
8081 31250
8101 31250
8121 31250
8141 31250
8161 31250
8181 31250
8201 31250
8221 31250
8241 31250
8261 31250
8281 46875
8301 31250
8321 31250
8341 31250
8361 31250
8381 31250
8401 31250
8421 31250
8441 31250
8461 31250
8481 31250
8501 46875
8521 31250
8541 31250
8561 31250
8581 46875
8601 31250
8621 31250
8641 46875
8661 31250
8681 46875
8701 31250
8721 31250
8741 46875
8761 46875
8781 31250
8801 31250
8821 31250
8841 31250
8861 46875
8881 31250
8901 31250
8921 31250
8941 46875
8961 46875
8981 46875
9001 46875
9021 46875
9041 46875
9061 31250
9081 31250
9101 31250
9121 46875
9141 46875
9161 31250
9181 31250
9201 46875
9221 46875
9241 31250
9261 31250
9281 46875
9301 46875
9321 31250
9341 46875
9361 46875
9381 46875
9401 46875
9421 31250
9441 46875
9461 46875
9481 31250
9501 46875
9521 46875
9541 31250
9561 31250
9581 46875
9601 46875
9621 46875
9641 46875
9661 46875
9681 31250
9701 46875
9721 31250
9741 62500
9761 62500
9781 46875
9801 46875
9821 46875
9841 46875
9861 31250
9881 46875
9901 46875
9921 46875
9941 46875
9961 46875
9981 46875
10001 31250
10021 46875
10041 46875
10061 46875
10081 46875
10101 46875
10121 46875
10141 46875
10161 46875
10181 46875
10201 46875
10221 46875
10241 46875
10261 46875
10281 46875
10301 46875
10321 46875
10341 46875
10361 46875
10381 46875
10401 46875
10421 46875
10441 46875
10461 46875
10481 62500
10501 46875
10521 46875
10541 46875
10561 46875
10581 62500
10601 62500
10621 46875
10641 62500
10661 46875
10681 46875
10701 46875
10721 46875
10741 46875
10761 46875
10781 62500
10801 46875
10821 46875
10841 62500
10861 46875
10881 46875
10901 46875
10921 46875
10941 46875
10961 46875
10981 62500
11001 46875
11021 62500
11041 62500
11061 46875
11081 46875
11101 62500
11121 46875
11141 46875
11161 46875
11181 62500
11201 46875
11221 62500
11241 46875
11261 62500
11281 46875
11301 62500
11321 62500
11341 62500
11361 46875
11381 62500
11401 62500
11421 62500
11441 62500
11461 78125
11481 62500
11501 62500
11521 62500
11541 62500
11561 62500
11581 62500
11601 46875
11621 46875
11641 46875
11661 46875
11681 46875
11701 62500
11721 62500
11741 46875
11761 46875
11781 46875
11801 62500
11821 78125
11841 62500
11861 46875
11881 62500
11901 62500
11921 62500
11941 62500
11961 62500
11981 46875
12001 46875
12021 62500
12041 62500
12061 62500
12081 62500
12101 62500
12121 62500
12141 62500
12161 62500
12181 62500
12201 78125
12221 62500
12241 78125
12261 62500
12281 62500
12301 62500
12321 78125
12341 62500
12361 62500
12381 62500
12401 62500
12421 62500
12441 78125
12461 62500
12481 62500
12501 78125
12521 62500
12541 62500
12561 78125
12581 62500
12601 62500
12621 62500
12641 62500
12661 62500
12681 78125
12701 62500
12721 93750
12741 62500
12761 78125
12781 62500
12801 78125
12821 78125
12841 62500
12861 62500
12881 78125
12901 62500
12921 62500
12941 62500
12961 78125
12981 62500
13001 78125
13021 78125
13041 62500
13061 62500
13081 78125
13101 93750
13121 78125
13141 62500
13161 62500
13181 78125
13201 62500
13221 62500
13241 62500
13261 78125
13281 78125
13301 62500
13321 93750
13341 78125
13361 78125
13381 78125
13401 78125
13421 78125
13441 93750
13461 78125
13481 62500
13501 78125
13521 78125
13541 78125
13561 93750
13581 78125
13601 78125
13621 78125
13641 62500
13661 78125
13681 78125
13701 78125
13721 78125
13741 78125
13761 62500
13781 78125
13801 78125
13821 78125
13841 78125
13861 78125
13881 78125
13901 78125
13921 78125
13941 78125
13961 93750
13981 78125
14001 78125
14021 78125
14041 78125
14061 78125
14081 93750
14101 78125
14121 78125
14141 78125
14161 78125
14181 93750
14201 78125
14221 78125
14241 78125
14261 93750
14281 78125
14301 78125
14321 78125
14341 93750
14361 78125
14381 78125
14401 78125
14421 78125
14441 78125
14461 78125
14481 93750
14501 78125
14521 93750
14541 93750
14561 93750
14581 93750
14601 109375
14621 93750
14641 93750
14661 93750
14681 78125
14701 93750
14721 93750
14741 93750
14761 93750
14781 109375
14801 93750
14821 78125
14841 93750
14861 109375
14881 93750
14901 125000
14921 109375
14941 125000
14961 93750
14981 93750
15001 93750
15021 93750
15041 93750
15061 93750
15081 93750
15101 93750
15121 93750
15141 93750
15161 109375
15181 93750
15201 93750
15221 109375
15241 93750
15261 93750
15281 93750
15301 93750
15321 109375
15341 109375
15361 109375
15381 109375
15401 93750
15421 109375
15441 109375
15461 93750
15481 109375
15501 109375
15521 93750
15541 93750
15561 93750
15581 109375
15601 109375
15621 109375
15641 109375
15661 109375
15681 93750
15701 109375
15721 109375
15741 93750
15761 93750
15781 125000
15801 109375
15821 109375
15841 109375
15861 125000
15881 109375
15901 109375
15921 93750
15941 93750
15961 109375
15981 109375
16001 109375
16021 109375
16041 93750
16061 109375
16081 109375
16101 109375
16121 109375
16141 109375
16161 109375
16181 109375
16201 109375
16221 109375
16241 109375
16261 109375
16281 109375
16301 109375
16321 109375
16341 109375
16361 109375
16381 109375
16401 109375
16421 109375
16441 109375
16461 109375
16481 109375
16501 125000
16521 109375
16541 125000
16561 109375
16581 125000
16601 125000
16621 125000
16641 109375
16661 125000
16681 109375
16701 125000
16721 125000
16741 125000
16761 140625
16781 125000
16801 125000
16821 140625
16841 125000
16861 109375
16881 125000
16901 125000
16921 125000
16941 125000
16961 109375
16981 125000
17001 125000
17021 125000
17041 140625
17061 125000
17081 109375
17101 125000
17121 109375
17141 125000
17161 109375
17181 125000
17201 125000
17221 156250
17241 125000
17261 125000
17281 140625
17301 125000
17321 125000
17341 125000
17361 125000
17381 125000
17401 140625
17421 125000
17441 140625
17461 140625
17481 125000
17501 140625
17521 125000
17541 125000
17561 125000
17581 125000
17601 125000
17621 125000
17641 140625
17661 125000
17681 125000
17701 156250
17721 125000
17741 140625
17761 125000
17781 140625
17801 140625
17821 140625
17841 140625
17861 125000
17881 140625
17901 125000
17921 125000
17941 125000
17961 125000
17981 140625
18001 125000
18021 125000
18041 140625
18061 140625
18081 140625
18101 140625
18121 125000
18141 140625
18161 156250
18181 140625
18201 125000
18221 140625
18241 125000
18261 156250
18281 140625
18301 140625
18321 140625
18341 140625
18361 140625
18381 156250
18401 140625
18421 156250
18441 140625
18461 140625
18481 140625
18501 140625
18521 140625
18541 156250
18561 140625
18581 156250
18601 140625
18621 140625
18641 140625
18661 140625
18681 140625
18701 140625
18721 156250
18741 156250
18761 140625
18781 156250
18801 140625
18821 140625
18841 140625
18861 171875
18881 140625
18901 140625
18921 156250
18941 140625
18961 156250
18981 156250
19001 140625
19021 140625
19041 156250
19061 156250
19081 171875
19101 156250
19121 140625
19141 156250
19161 156250
19181 171875
19201 156250
19221 156250
19241 156250
19261 156250
19281 156250
19301 156250
19321 156250
19341 171875
19361 156250
19381 156250
19401 156250
19421 171875
19441 156250
19461 171875
19481 156250
19501 156250
19521 156250
19541 171875
19561 156250
19581 156250
19601 156250
19621 156250
19641 156250
19661 171875
19681 171875
19701 171875
19721 156250
19741 171875
19761 156250
19781 156250
19801 156250
19821 156250
19841 171875
19861 187500
19881 156250
19901 156250
19921 156250
19941 171875
19961 187500
19981 156250
