1 0
21 0
41 0
61 0
81 0
101 0
121 0
141 0
161 0
181 0
201 0
221 0
241 0
261 0
281 0
301 0
321 0
341 0
361 0
381 0
401 0
421 0
441 0
461 0
481 0
501 0
521 0
541 0
561 0
581 0
601 0
621 0
641 0
661 0
681 0
701 15625
721 0
741 0
761 15625
781 15625
801 0
821 0
841 0
861 0
881 0
901 0
921 0
941 0
961 0
981 0
1001 0
1021 0
1041 0
1061 15625
1081 0
1101 0
1121 0
1141 0
1161 15625
1181 0
1201 0
1221 0
1241 0
1261 0
1281 0
1301 0
1321 0
1341 0
1361 0
1381 0
1401 15625
1421 0
1441 0
1461 0
1481 0
1501 0
1521 15625
1541 15625
1561 0
1581 15625
1601 0
1621 15625
1641 0
1661 0
1681 0
1701 0
1721 15625
1741 15625
1761 0
1781 15625
1801 0
1821 0
1841 0
1861 0
1881 0
1901 0
1921 15625
1941 15625
1961 0
1981 15625
2001 15625
2021 15625
2041 15625
2061 15625
2081 15625
2101 15625
2121 0
2141 0
2161 15625
2181 15625
2201 0
2221 15625
2241 0
2261 0
2281 15625
2301 15625
2321 0
2341 15625
2361 15625
2381 15625
2401 0
2421 0
2441 0
2461 15625
2481 15625
2501 15625
2521 15625
2541 15625
2561 0
2581 15625
2601 15625
2621 15625
2641 15625
2661 31250
2681 15625
2701 15625
2721 15625
2741 15625
2761 15625
2781 0
2801 0
2821 15625
2841 15625
2861 15625
2881 15625
2901 15625
2921 15625
2941 15625
2961 15625
2981 15625
3001 15625
3021 15625
3041 15625
3061 15625
3081 15625
3101 15625
3121 15625
3141 15625
3161 15625
3181 15625
3201 31250
3221 15625
3241 0
3261 15625
3281 15625
3301 15625
3321 15625
3341 31250
3361 31250
3381 31250
3401 31250
3421 15625
3441 15625
3461 31250
3481 15625
3501 31250
3521 15625
3541 31250
3561 15625
3581 31250
3601 31250
3621 15625
3641 15625
3661 31250
3681 15625
3701 15625
3721 15625
3741 15625
3761 15625
3781 15625
3801 31250
3821 31250
3841 15625
3861 31250
3881 31250
3901 31250
3921 15625
3941 31250
3961 15625
3981 31250
4001 31250
4021 31250
4041 31250
4061 31250
4081 15625
4101 46875
4121 31250
4141 15625
4161 31250
4181 31250
4201 31250
4221 31250
4241 31250
4261 15625
4281 31250
4301 15625
4321 31250
4341 31250
4361 31250
4381 31250
4401 31250
4421 46875
4441 31250
4461 31250
4481 31250
4501 31250
4521 46875
4541 46875
4561 31250
4581 31250
4601 31250
4621 31250
4641 31250
4661 31250
4681 46875
4701 31250
4721 31250
4741 31250
4761 46875
4781 31250
4801 31250
4821 31250
4841 46875
4861 31250
4881 31250
4901 46875
4921 46875
4941 31250
4961 46875
4981 46875
5001 46875
5021 46875
5041 46875
5061 46875
5081 46875
5101 46875
5121 46875
5141 46875
5161 46875
5181 46875
5201 46875
5221 46875
5241 46875
5261 46875
5281 46875
5301 62500
5321 46875
5341 46875
5361 46875
5381 46875
5401 62500
5421 46875
5441 46875
5461 62500
5481 62500
5501 46875
5521 62500
5541 62500
5561 46875
5581 46875
5601 46875
5621 46875
5641 62500
5661 46875
5681 46875
5701 62500
5721 46875
5741 46875
5761 46875
5781 62500
5801 78125
5821 62500
5841 46875
5861 62500
5881 46875
5901 62500
5921 78125
5941 78125
5961 62500
5981 62500
6001 62500
6021 78125
6041 62500
6061 46875
6081 62500
6101 62500
6121 46875
6141 62500
6161 62500
6181 62500
6201 78125
6221 62500
6241 62500
6261 46875
6281 62500
6301 78125
6321 78125
6341 62500
6361 62500
6381 125000
6401 93750
6421 109375
6441 93750
6461 93750
6481 62500
6501 93750
6521 78125
6541 78125
6561 62500
6581 93750
6601 93750
6621 62500
6641 78125
6661 93750
6681 93750
6701 78125
6721 78125
6741 62500
6761 62500
6781 78125
6801 62500
6821 78125
6841 78125
6861 93750
6881 78125
6901 78125
6921 93750
6941 78125
6961 93750
6981 78125
7001 78125
7021 78125
7041 78125
7061 93750
7081 78125
7101 78125
7121 78125
7141 78125
7161 78125
7181 78125
7201 93750
7221 93750
7241 78125
7261 78125
7281 93750
7301 93750
7321 125000
7341 93750
7361 109375
7381 78125
7401 93750
7421 93750
7441 93750
7461 109375
7481 93750
7501 93750
7521 109375
7541 93750
7561 109375
7581 93750
7601 93750
7621 109375
7641 93750
7661 109375
7681 125000
7701 125000
7721 109375
7741 93750
7761 93750
7781 93750
7801 93750
7821 109375
7841 109375
7861 109375
7881 109375
7901 109375
7921 109375
7941 109375
7961 109375
7981 125000
8001 109375
8021 125000
8041 125000
8061 109375
8081 125000
8101 109375
8121 140625
8141 109375
8161 109375
8181 125000
8201 109375
8221 109375
8241 125000
8261 125000
8281 109375
8301 109375
8321 125000
8341 125000
8361 109375
8381 125000
8401 109375
8421 125000
8441 125000
8461 109375
8481 109375
8501 109375
8521 125000
8541 109375
8561 125000
8581 140625
8601 125000
8621 125000
8641 125000
8661 125000
8681 140625
8701 125000
8721 125000
8741 125000
8761 125000
8781 156250
8801 140625
8821 156250
8841 156250
8861 140625
8881 140625
8901 125000
8921 140625
8941 125000
8961 140625
8981 140625
9001 125000
9021 140625
9041 156250
9061 140625
9081 140625
9101 125000
9121 125000
9141 140625
9161 156250
9181 140625
9201 140625
9221 156250
9241 140625
9261 140625
9281 140625
9301 156250
9321 156250
9341 140625
9361 171875
9381 156250
9401 156250
9421 140625
9441 140625
9461 140625
9481 156250
9501 156250
9521 171875
9541 156250
9561 156250
9581 156250
9601 156250
9621 156250
9641 140625
9661 171875
9681 187500
9701 140625
9721 156250
9741 156250
9761 218750
9781 187500
9801 171875
9821 156250
9841 171875
9861 156250
9881 156250
9901 171875
9921 203125
9941 171875
9961 171875
9981 156250
10001 156250
10021 187500
10041 156250
10061 171875
10081 171875
10101 171875
10121 171875
10141 187500
10161 171875
10181 171875
10201 171875
10221 156250
10241 203125
10261 171875
10281 171875
10301 171875
10321 187500
10341 171875
10361 171875
10381 187500
10401 171875
10421 203125
10441 187500
10461 171875
10481 187500
10501 203125
10521 187500
10541 187500
10561 203125
10581 187500
10601 218750
10621 171875
10641 203125
10661 203125
10681 203125
10701 187500
10721 187500
10741 250000
10761 203125
10781 234375
10801 187500
10821 203125
10841 187500
10861 187500
10881 203125
10901 187500
10921 203125
10941 187500
10961 218750
10981 203125
11001 218750
11021 203125
11041 218750
11061 203125
11081 203125
11101 203125
11121 187500
11141 203125
11161 234375
11181 218750
11201 234375
11221 218750
11241 203125
11261 203125
11281 218750
11301 203125
11321 218750
11341 218750
11361 203125
11381 218750
11401 203125
11421 203125
11441 203125
11461 218750
11481 203125
11501 203125
11521 218750
11541 218750
11561 218750
11581 218750
11601 218750
11621 234375
11641 250000
11661 203125
11681 218750
11701 218750
11721 218750
11741 234375
11761 218750
11781 234375
11801 218750
11821 218750
11841 218750
11861 281250
11881 218750
11901 234375
11921 234375
11941 265625
11961 218750
11981 234375
12001 234375
12021 265625
12041 250000
12061 250000
12081 250000
12101 234375
12121 265625
12141 234375
12161 250000
12181 265625
12201 234375
12221 234375
12241 250000
12261 250000
12281 281250
12301 265625
12321 234375
12341 234375
12361 250000
12381 265625
12401 250000
12421 250000
12441 250000
12461 265625
12481 250000
12501 265625
12521 265625
12541 265625
12561 250000
12581 281250
12601 250000
12621 265625
12641 281250
12661 250000
12681 296875
12701 343750
12721 312500
12741 265625
12761 265625
12781 265625
12801 234375
12821 265625
12841 265625
12861 281250
12881 265625
12901 296875
12921 281250
12941 281250
12961 265625
12981 296875
13001 281250
13021 265625
13041 328125
13061 296875
13081 265625
13101 296875
13121 281250
13141 296875
13161 265625
13181 296875
13201 296875
13221 281250
13241 296875
13261 281250
13281 281250
13301 281250
13321 312500
13341 281250
13361 312500
13381 281250
13401 296875
13421 312500
13441 296875
13461 296875
13481 312500
13501 296875
13521 296875
13541 312500
13561 281250
13581 281250
13601 312500
13621 312500
13641 312500
13661 328125
13681 296875
13701 312500
13721 296875
13741 312500
13761 296875
13781 328125
13801 328125
13821 312500
13841 312500
13861 343750
13881 312500
13901 296875
13921 312500
13941 312500
13961 312500
13981 312500
14001 312500
14021 343750
14041 328125
14061 343750
14081 328125
14101 328125
14121 328125
14141 328125
14161 312500
14181 343750
14201 312500
14221 328125
14241 328125
14261 312500
14281 328125
14301 328125
14321 359375
14341 343750
14361 328125
14381 328125
14401 343750
14421 359375
14441 359375
14461 328125
14481 328125
14501 343750
14521 343750
14541 359375
14561 359375
14581 343750
14601 359375
14621 343750
14641 359375
14661 343750
14681 359375
14701 343750
14721 343750
14741 375000
14761 375000
14781 359375
14801 390625
14821 375000
14841 375000
14861 343750
14881 406250
14901 375000
14921 437500
14941 390625
14961 375000
14981 359375
15001 390625
15021 406250
15041 390625
15061 390625
15081 359375
15101 390625
15121 390625
15141 390625
15161 406250
15181 406250
15201 406250
15221 375000
15241 375000
15261 390625
15281 390625
15301 406250
15321 390625
15341 375000
15361 406250
15381 406250
15401 375000
15421 406250
15441 406250
15461 421875
15481 390625
15501 375000
15521 421875
15541 390625
15561 390625
15581 390625
15601 406250
15621 390625
15641 406250
15661 406250
15681 406250
15701 390625
15721 421875
15741 390625
15761 390625
15781 406250
15801 390625
15821 406250
15841 406250
15861 406250
15881 406250
15901 406250
15921 390625
15941 406250
15961 421875
15981 421875
16001 421875
16021 437500
16041 406250
16061 437500
16081 453125
16101 453125
16121 453125
16141 437500
16161 468750
16181 453125
16201 468750
16221 437500
16241 453125
16261 453125
16281 468750
16301 484375
16321 453125
16341 453125
16361 453125
16381 484375
16401 468750
16421 484375
16441 453125
16461 421875
16481 453125
16501 437500
16521 437500
16541 453125
16561 453125
16581 437500
16601 437500
16621 453125
16641 468750
16661 468750
16681 437500
16701 437500
16721 468750
16741 531250
16761 468750
16781 453125
16801 484375
16821 484375
16841 453125
16861 468750
16881 453125
16901 468750
16921 468750
16941 453125
16961 468750
16981 484375
17001 468750
17021 484375
17041 484375
17061 484375
17081 500000
17101 484375
17121 484375
17141 500000
17161 468750
17181 484375
17201 562500
17221 515625
17241 484375
17261 500000
17281 500000
17301 515625
17321 515625
17341 484375
17361 515625
17381 500000
17401 484375
17421 484375
17441 500000
17461 531250
17481 515625
17501 484375
17521 500000
17541 484375
17561 500000
17581 500000
17601 515625
17621 500000
17641 515625
17661 484375
17681 515625
17701 500000
17721 531250
17741 500000
17761 531250
17781 546875
17801 531250
17821 515625
17841 515625
17861 500000
17881 500000
17901 531250
17921 515625
17941 531250
17961 531250
17981 546875
18001 609375
18021 515625
18041 546875
18061 531250
18081 546875
18101 546875
18121 531250
18141 531250
18161 562500
18181 515625
18201 562500
18221 546875
18241 515625
18261 562500
18281 609375
18301 562500
18321 546875
18341 546875
18361 562500
18381 578125
18401 562500
18421 531250
18441 562500
18461 546875
18481 562500
18501 562500
18521 562500
18541 546875
18561 593750
18581 593750
18601 546875
18621 578125
18641 625000
18661 593750
18681 562500
18701 593750
18721 578125
18741 593750
18761 562500
18781 562500
18801 578125
18821 609375
18841 562500
18861 562500
18881 609375
18901 578125
18921 578125
18941 578125
18961 593750
18981 593750
19001 593750
19021 593750
19041 578125
19061 578125
19081 609375
19101 625000
19121 593750
19141 593750
19161 625000
19181 593750
19201 593750
19221 609375
19241 609375
19261 593750
19281 625000
19301 625000
19321 593750
19341 593750
19361 640625
19381 593750
19401 625000
19421 640625
19441 625000
19461 609375
19481 640625
19501 593750
19521 609375
19541 640625
19561 625000
19581 625000
19601 625000
19621 640625
19641 625000
19661 640625
19681 625000
19701 640625
19721 656250
19741 640625
19761 640625
19781 640625
19801 640625
19821 656250
19841 625000
19861 640625
19881 640625
19901 671875
19921 671875
19941 625000
19961 640625
19981 640625
